0000  1b 00 60 da 0c a9 00 e0 ff ff 00 00 00 00 09 00   ..`.............
0010  01 03 00 16 00 81 01 08 00 00 00 00 00 02 00 01   ................
0020  00 00 00                                          ...

0000  1b 00 60 ca 82 a8 00 e0 ff ff 00 00 00 00 09 00   ..`.............
0010  01 03 00 16 00 81 01 08 00 00 00 00 00 02 00 02   ................
0020  00 00 00                                          ...

0000  1b 00 60 da 0c a9 00 e0 ff ff 00 00 00 00 09 00   ..`.............
0010  01 03 00 16 00 81 01 08 00 00 00 00 00 00 00 02   ................
0020  00 00 00                                          ...

0000  1b 00 60 ca 82 a8 00 e0 ff ff 00 00 00 00 09 00   ..`.............
0010  01 03 00 16 00 81 01 08 00 00 00 00 00 02 00 01   ................
0020  00 00 00                                          ...

0000  1b 00 60 da 0c a9 00 e0 ff ff 00 00 00 00 09 00   ..`.............
0010  01 03 00 16 00 81 01 08 00 00 00 00 00 00 00 01   ................
0020  00 00 00                                          ...

0000  1b 00 60 ca 82 a8 00 e0 ff ff 00 00 00 00 09 00   ..`.............
0010  01 03 00 16 00 81 01 08 00 00 00 00 00 01 00 01   ................
0020  00 00 00                                          ...

0000  1b 00 60 da 0c a9 00 e0 ff ff 00 00 00 00 09 00   ..`.............
0010  01 03 00 16 00 81 01 08 00 00 00 00 00 00 00 01   ................
0020  00 00 00                                          ...

0000  1b 00 60 ca 82 a8 00 e0 ff ff 00 00 00 00 09 00   ..`.............
0010  01 03 00 16 00 81 01 08 00 00 00 00 00 00 00 01   ................
0020  00 00 00                                          ...

0000  1b 00 60 da 0c a9 00 e0 ff ff 00 00 00 00 09 00   ..`.............
0010  01 03 00 16 00 81 01 08 00 00 00 00 00 01 00 01   ................
0020  00 00 00                                          ...

0000  1b 00 60 ca 82 a8 00 e0 ff ff 00 00 00 00 09 00   ..`.............
0010  01 03 00 16 00 81 01 08 00 00 00 00 00 00 00 01   ................
0020  00 00 00                                          ...

0000  1b 00 60 da 0c a9 00 e0 ff ff 00 00 00 00 09 00   ..`.............
0010  01 03 00 16 00 81 01 08 00 00 00 00 00 00 00 01   ................
0020  00 00 00                                          ...

0000  1b 00 60 ca 82 a8 00 e0 ff ff 00 00 00 00 09 00   ..`.............
0010  01 03 00 16 00 81 01 08 00 00 00 00 00 00 00 01   ................
0020  00 00 00                                          ...

0000  1b 00 60 da 0c a9 00 e0 ff ff 00 00 00 00 09 00   ..`.............
0010  01 03 00 16 00 81 01 08 00 00 00 00 00 00 00 02   ................
0020  00 00 00                                          ...

0000  1b 00 60 ca 82 a8 00 e0 ff ff 00 00 00 00 09 00   ..`.............
0010  01 03 00 16 00 81 01 08 00 00 00 00 00 00 00 03   ................
0020  00 00 00                                          ...

0000  1b 00 60 da 0c a9 00 e0 ff ff 00 00 00 00 09 00   ..`.............
0010  01 03 00 16 00 81 01 08 00 00 00 00 00 00 00 02   ................
0020  00 00 00                                          ...

0000  1b 00 60 ca 82 a8 00 e0 ff ff 00 00 00 00 09 00   ..`.............
0010  01 03 00 16 00 81 01 08 00 00 00 00 00 00 00 02   ................
0020  00 00 00                                          ...

0000  1b 00 60 da 0c a9 00 e0 ff ff 00 00 00 00 09 00   ..`.............
0010  01 03 00 16 00 81 01 08 00 00 00 00 00 00 00 04   ................
0020  00 00 00                                          ...

0000  1b 00 60 ca 82 a8 00 e0 ff ff 00 00 00 00 09 00   ..`.............
0010  01 03 00 16 00 81 01 08 00 00 00 00 00 00 00 03   ................
0020  00 00 00                                          ...

0000  1b 00 60 da 0c a9 00 e0 ff ff 00 00 00 00 09 00   ..`.............
0010  01 03 00 16 00 81 01 08 00 00 00 00 00 00 00 05   ................
0020  00 00 00                                          ...

0000  1b 00 60 ca 82 a8 00 e0 ff ff 00 00 00 00 09 00   ..`.............
0010  01 03 00 16 00 81 01 08 00 00 00 00 00 00 00 04   ................
0020  00 00 00                                          ...

0000  1b 00 60 da 0c a9 00 e0 ff ff 00 00 00 00 09 00   ..`.............
0010  01 03 00 16 00 81 01 08 00 00 00 00 00 00 00 05   ................
0020  00 00 00                                          ...

0000  1b 00 60 ca 82 a8 00 e0 ff ff 00 00 00 00 09 00   ..`.............
0010  01 03 00 16 00 81 01 08 00 00 00 00 00 00 00 04   ................
0020  00 00 00                                          ...

0000  1b 00 60 da 0c a9 00 e0 ff ff 00 00 00 00 09 00   ..`.............
0010  01 03 00 16 00 81 01 08 00 00 00 00 00 00 00 08   ................
0020  00 00 00                                          ...

0000  1b 00 60 ca 82 a8 00 e0 ff ff 00 00 00 00 09 00   ..`.............
0010  01 03 00 16 00 81 01 08 00 00 00 00 00 00 00 06   ................
0020  00 00 00                                          ...

0000  1b 00 60 da 0c a9 00 e0 ff ff 00 00 00 00 09 00   ..`.............
0010  01 03 00 16 00 81 01 08 00 00 00 00 00 ff ff 05   ................
0020  00 00 00                                          ...

0000  1b 00 60 ca 82 a8 00 e0 ff ff 00 00 00 00 09 00   ..`.............
0010  01 03 00 16 00 81 01 08 00 00 00 00 00 00 00 03   ................
0020  00 00 00                                          ...

0000  1b 00 60 da 0c a9 00 e0 ff ff 00 00 00 00 09 00   ..`.............
0010  01 03 00 16 00 81 01 08 00 00 00 00 00 00 00 05   ................
0020  00 00 00                                          ...

0000  1b 00 60 ca 82 a8 00 e0 ff ff 00 00 00 00 09 00   ..`.............
0010  01 03 00 16 00 81 01 08 00 00 00 00 00 00 00 04   ................
0020  00 00 00                                          ...

0000  1b 00 60 da 0c a9 00 e0 ff ff 00 00 00 00 09 00   ..`.............
0010  01 03 00 16 00 81 01 08 00 00 00 00 00 00 00 03   ................
0020  00 00 00                                          ...

0000  1b 00 60 ca 82 a8 00 e0 ff ff 00 00 00 00 09 00   ..`.............
0010  01 03 00 16 00 81 01 08 00 00 00 00 00 01 00 04   ................
0020  00 00 00                                          ...

0000  1b 00 60 da 0c a9 00 e0 ff ff 00 00 00 00 09 00   ..`.............
0010  01 03 00 16 00 81 01 08 00 00 00 00 00 00 00 03   ................
0020  00 00 00                                          ...

0000  1b 00 60 ca 82 a8 00 e0 ff ff 00 00 00 00 09 00   ..`.............
0010  01 03 00 16 00 81 01 08 00 00 00 00 00 00 00 03   ................
0020  00 00 00                                          ...

0000  1b 00 60 da 0c a9 00 e0 ff ff 00 00 00 00 09 00   ..`.............
0010  01 03 00 16 00 81 01 08 00 00 00 00 00 00 00 03   ................
0020  00 00 00                                          ...

0000  1b 00 60 ca 82 a8 00 e0 ff ff 00 00 00 00 09 00   ..`.............
0010  01 03 00 16 00 81 01 08 00 00 00 00 00 00 00 04   ................
0020  00 00 00                                          ...

0000  1b 00 60 da 0c a9 00 e0 ff ff 00 00 00 00 09 00   ..`.............
0010  01 03 00 16 00 81 01 08 00 00 00 00 00 00 00 02   ................
0020  00 00 00                                          ...

0000  1b 00 60 ca 82 a8 00 e0 ff ff 00 00 00 00 09 00   ..`.............
0010  01 03 00 16 00 81 01 08 00 00 00 00 00 00 00 03   ................
0020  00 00 00                                          ...

0000  1b 00 60 da 0c a9 00 e0 ff ff 00 00 00 00 09 00   ..`.............
0010  01 03 00 16 00 81 01 08 00 00 00 00 00 01 00 03   ................
0020  00 00 00                                          ...

0000  1b 00 60 ca 82 a8 00 e0 ff ff 00 00 00 00 09 00   ..`.............
0010  01 03 00 16 00 81 01 08 00 00 00 00 00 00 00 03   ................
0020  00 00 00                                          ...

0000  1b 00 60 da 0c a9 00 e0 ff ff 00 00 00 00 09 00   ..`.............
0010  01 03 00 16 00 81 01 08 00 00 00 00 00 00 00 04   ................
0020  00 00 00                                          ...

0000  1b 00 60 ca 82 a8 00 e0 ff ff 00 00 00 00 09 00   ..`.............
0010  01 03 00 16 00 81 01 08 00 00 00 00 00 00 00 04   ................
0020  00 00 00                                          ...

0000  1b 00 60 da 0c a9 00 e0 ff ff 00 00 00 00 09 00   ..`.............
0010  01 03 00 16 00 81 01 08 00 00 00 00 00 00 00 06   ................
0020  00 00 00                                          ...

0000  1b 00 60 ca 82 a8 00 e0 ff ff 00 00 00 00 09 00   ..`.............
0010  01 03 00 16 00 81 01 08 00 00 00 00 00 00 00 07   ................
0020  00 00 00                                          ...

0000  1b 00 60 da 0c a9 00 e0 ff ff 00 00 00 00 09 00   ..`.............
0010  01 03 00 16 00 81 01 08 00 00 00 00 00 00 00 08   ................
0020  00 00 00                                          ...

0000  1b 00 60 ca 82 a8 00 e0 ff ff 00 00 00 00 09 00   ..`.............
0010  01 03 00 16 00 81 01 08 00 00 00 00 00 00 00 06   ................
0020  00 00 00                                          ...

0000  1b 00 60 da 0c a9 00 e0 ff ff 00 00 00 00 09 00   ..`.............
0010  01 03 00 16 00 81 01 08 00 00 00 00 00 ff ff 05   ................
0020  00 00 00                                          ...

0000  1b 00 60 ca 82 a8 00 e0 ff ff 00 00 00 00 09 00   ..`.............
0010  01 03 00 16 00 81 01 08 00 00 00 00 00 ff ff 04   ................
0020  00 00 00                                          ...

0000  1b 00 60 da 0c a9 00 e0 ff ff 00 00 00 00 09 00   ..`.............
0010  01 03 00 16 00 81 01 08 00 00 00 00 00 ff ff 04   ................
0020  00 00 00                                          ...

0000  1b 00 60 ca 82 a8 00 e0 ff ff 00 00 00 00 09 00   ..`.............
0010  01 03 00 16 00 81 01 08 00 00 00 00 00 00 00 04   ................
0020  00 00 00                                          ...

0000  1b 00 60 da 0c a9 00 e0 ff ff 00 00 00 00 09 00   ..`.............
0010  01 03 00 16 00 81 01 08 00 00 00 00 00 ff ff 07   ................
0020  00 00 00                                          ...

0000  1b 00 60 ca 82 a8 00 e0 ff ff 00 00 00 00 09 00   ..`.............
0010  01 03 00 16 00 81 01 08 00 00 00 00 00 fe ff 03   ................
0020  00 00 00                                          ...

0000  1b 00 60 da 0c a9 00 e0 ff ff 00 00 00 00 09 00   ..`.............
0010  01 03 00 16 00 81 01 08 00 00 00 00 00 00 00 06   ................
0020  00 00 00                                          ...

0000  1b 00 60 ca 82 a8 00 e0 ff ff 00 00 00 00 09 00   ..`.............
0010  01 03 00 16 00 81 01 08 00 00 00 00 00 fe ff 05   ................
0020  00 00 00                                          ...

0000  1b 00 60 da 0c a9 00 e0 ff ff 00 00 00 00 09 00   ..`.............
0010  01 03 00 16 00 81 01 08 00 00 00 00 00 ff ff 06   ................
0020  00 00 00                                          ...

0000  1b 00 60 ca 82 a8 00 e0 ff ff 00 00 00 00 09 00   ..`.............
0010  01 03 00 16 00 81 01 08 00 00 00 00 00 fe ff 04   ................
0020  00 00 00                                          ...

0000  1b 00 60 da 0c a9 00 e0 ff ff 00 00 00 00 09 00   ..`.............
0010  01 03 00 16 00 81 01 08 00 00 00 00 00 fd ff 04   ................
0020  00 00 00                                          ...

0000  1b 00 60 ca 82 a8 00 e0 ff ff 00 00 00 00 09 00   ..`.............
0010  01 03 00 16 00 81 01 08 00 00 00 00 00 fd ff 03   ................
0020  00 00 00                                          ...

0000  1b 00 60 da 0c a9 00 e0 ff ff 00 00 00 00 09 00   ..`.............
0010  01 03 00 16 00 81 01 08 00 00 00 00 00 fc ff 03   ................
0020  00 00 00                                          ...

0000  1b 00 60 ca 82 a8 00 e0 ff ff 00 00 00 00 09 00   ..`.............
0010  01 03 00 16 00 81 01 08 00 00 00 00 00 fc ff 01   ................
0020  00 00 00                                          ...

0000  1b 00 60 da 0c a9 00 e0 ff ff 00 00 00 00 09 00   ..`.............
0010  01 03 00 16 00 81 01 08 00 00 00 00 00 fc ff 03   ................
0020  00 00 00                                          ...

0000  1b 00 60 ca 82 a8 00 e0 ff ff 00 00 00 00 09 00   ..`.............
0010  01 03 00 16 00 81 01 08 00 00 00 00 00 fb ff 01   ................
0020  00 00 00                                          ...

0000  1b 00 60 da 0c a9 00 e0 ff ff 00 00 00 00 09 00   ..`.............
0010  01 03 00 16 00 81 01 08 00 00 00 00 00 f9 ff 02   ................
0020  00 00 00                                          ...

0000  1b 00 60 ca 82 a8 00 e0 ff ff 00 00 00 00 09 00   ..`.............
0010  01 03 00 16 00 81 01 08 00 00 00 00 00 fd ff 00   ................
0020  00 00 00                                          ...

0000  1b 00 60 da 0c a9 00 e0 ff ff 00 00 00 00 09 00   ..`.............
0010  01 03 00 16 00 81 01 08 00 00 00 00 00 fd ff 01   ................
0020  00 00 00                                          ...

0000  1b 00 60 ca 82 a8 00 e0 ff ff 00 00 00 00 09 00   ..`.............
0010  01 03 00 16 00 81 01 08 00 00 00 00 00 fc ff 00   ................
0020  00 00 00                                          ...

0000  1b 00 60 da 0c a9 00 e0 ff ff 00 00 00 00 09 00   ..`.............
0010  01 03 00 16 00 81 01 08 00 00 00 00 00 fa ff 00   ................
0020  00 00 00                                          ...

0000  1b 00 60 ca 82 a8 00 e0 ff ff 00 00 00 00 09 00   ..`.............
0010  01 03 00 16 00 81 01 08 00 00 00 00 00 fc ff 00   ................
0020  00 00 00                                          ...

0000  1b 00 60 da 0c a9 00 e0 ff ff 00 00 00 00 09 00   ..`.............
0010  01 03 00 16 00 81 01 08 00 00 00 00 00 fb ff 00   ................
0020  00 00 00                                          ...

0000  1b 00 60 ca 82 a8 00 e0 ff ff 00 00 00 00 09 00   ..`.............
0010  01 03 00 16 00 81 01 08 00 00 00 00 00 f8 ff 00   ................
0020  00 00 00                                          ...

0000  1b 00 60 da 0c a9 00 e0 ff ff 00 00 00 00 09 00   ..`.............
0010  01 03 00 16 00 81 01 08 00 00 00 00 00 fa ff ff   ................
0020  ff 00 00                                          ...

0000  1b 00 60 ca 82 a8 00 e0 ff ff 00 00 00 00 09 00   ..`.............
0010  01 03 00 16 00 81 01 08 00 00 00 00 00 fb ff ff   ................
0020  ff 00 00                                          ...

0000  1b 00 60 da 0c a9 00 e0 ff ff 00 00 00 00 09 00   ..`.............
0010  01 03 00 16 00 81 01 08 00 00 00 00 00 fa ff 00   ................
0020  00 00 00                                          ...

0000  1b 00 60 ca 82 a8 00 e0 ff ff 00 00 00 00 09 00   ..`.............
0010  01 03 00 16 00 81 01 08 00 00 00 00 00 f5 ff ff   ................
0020  ff 00 00                                          ...

0000  1b 00 60 da 0c a9 00 e0 ff ff 00 00 00 00 09 00   ..`.............
0010  01 03 00 16 00 81 01 08 00 00 00 00 00 f7 ff ff   ................
0020  ff 00 00                                          ...

0000  1b 00 60 ca 82 a8 00 e0 ff ff 00 00 00 00 09 00   ..`.............
0010  01 03 00 16 00 81 01 08 00 00 00 00 00 f8 ff ff   ................
0020  ff 00 00                                          ...

0000  1b 00 60 da 0c a9 00 e0 ff ff 00 00 00 00 09 00   ..`.............
0010  01 03 00 16 00 81 01 08 00 00 00 00 00 f9 ff ff   ................
0020  ff 00 00                                          ...

0000  1b 00 60 ca 82 a8 00 e0 ff ff 00 00 00 00 09 00   ..`.............
0010  01 03 00 16 00 81 01 08 00 00 00 00 00 fd ff 00   ................
0020  00 00 00                                          ...

0000  1b 00 60 da 0c a9 00 e0 ff ff 00 00 00 00 09 00   ..`.............
0010  01 03 00 16 00 81 01 08 00 00 00 00 00 fc ff ff   ................
0020  ff 00 00                                          ...

0000  1b 00 60 ca 82 a8 00 e0 ff ff 00 00 00 00 09 00   ..`.............
0010  01 03 00 16 00 81 01 08 00 00 00 00 00 ff ff ff   ................
0020  ff 00 00                                          ...

0000  1b 00 60 da 0c a9 00 e0 ff ff 00 00 00 00 09 00   ..`.............
0010  01 03 00 16 00 81 01 08 00 00 00 00 00 ff ff 00   ................
0020  00 00 00                                          ...

0000  1b 00 60 ca 82 a8 00 e0 ff ff 00 00 00 00 09 00   ..`.............
0010  01 03 00 16 00 81 01 08 00 00 00 00 00 ff ff ff   ................
0020  ff 00 00                                          ...

0000  1b 00 60 da 0c a9 00 e0 ff ff 00 00 00 00 09 00   ..`.............
0010  01 03 00 16 00 81 01 08 00 00 00 00 00 ff ff ff   ................
0020  ff 00 00                                          ...

0000  1b 00 60 ca 82 a8 00 e0 ff ff 00 00 00 00 09 00   ..`.............
0010  01 03 00 16 00 81 01 08 00 00 00 00 00 ff ff ff   ................
0020  ff 00 00                                          ...

0000  1b 00 60 da 0c a9 00 e0 ff ff 00 00 00 00 09 00   ..`.............
0010  01 03 00 16 00 81 01 08 00 00 00 00 00 ff ff 00   ................
0020  00 00 00                                          ...

0000  1b 00 60 ca 82 a8 00 e0 ff ff 00 00 00 00 09 00   ..`.............
0010  01 03 00 16 00 81 01 08 00 00 00 00 00 ff ff fe   ................
0020  ff 00 00                                          ...

0000  1b 00 60 da 0c a9 00 e0 ff ff 00 00 00 00 09 00   ..`.............
0010  01 03 00 16 00 81 01 08 00 00 00 00 00 00 00 ff   ................
0020  ff 00 00                                          ...

0000  1b 00 60 ca 82 a8 00 e0 ff ff 00 00 00 00 09 00   ..`.............
0010  01 03 00 16 00 81 01 08 00 00 00 00 00 00 00 fe   ................
0020  ff 00 00                                          ...

0000  1b 00 60 da 0c a9 00 e0 ff ff 00 00 00 00 09 00   ..`.............
0010  01 03 00 16 00 81 01 08 00 00 00 00 00 ff ff ff   ................
0020  ff 00 00                                          ...

0000  1b 00 60 ca 82 a8 00 e0 ff ff 00 00 00 00 09 00   ..`.............
0010  01 03 00 16 00 81 01 08 00 00 00 00 00 00 00 ff   ................
0020  ff 00 00                                          ...

0000  1b 00 60 da 0c a9 00 e0 ff ff 00 00 00 00 09 00   ..`.............
0010  01 03 00 16 00 81 01 08 00 00 00 00 00 00 00 ff   ................
0020  ff 00 00                                          ...

0000  1b 00 60 ca 82 a8 00 e0 ff ff 00 00 00 00 09 00   ..`.............
0010  01 03 00 16 00 81 01 08 00 00 00 00 00 00 00 fe   ................
0020  ff 00 00                                          ...

0000  1b 00 60 da 0c a9 00 e0 ff ff 00 00 00 00 09 00   ..`.............
0010  01 03 00 16 00 81 01 08 00 00 00 00 00 00 00 fe   ................
0020  ff 00 00                                          ...

0000  1b 00 60 ca 82 a8 00 e0 ff ff 00 00 00 00 09 00   ..`.............
0010  01 03 00 16 00 81 01 08 00 00 00 00 00 00 00 fc   ................
0020  ff 00 00                                          ...

0000  1b 00 60 da 0c a9 00 e0 ff ff 00 00 00 00 09 00   ..`.............
0010  01 03 00 16 00 81 01 08 00 00 00 00 00 ff ff fe   ................
0020  ff 00 00                                          ...

0000  1b 00 60 ca 82 a8 00 e0 ff ff 00 00 00 00 09 00   ..`.............
0010  01 03 00 16 00 81 01 08 00 00 00 00 00 fe ff fc   ................
0020  ff 00 00                                          ...

0000  1b 00 60 da 0c a9 00 e0 ff ff 00 00 00 00 09 00   ..`.............
0010  01 03 00 16 00 81 01 08 00 00 00 00 00 00 00 fd   ................
0020  ff 00 00                                          ...

0000  1b 00 60 ca 82 a8 00 e0 ff ff 00 00 00 00 09 00   ..`.............
0010  01 03 00 16 00 81 01 08 00 00 00 00 00 00 00 fb   ................
0020  ff 00 00                                          ...

0000  1b 00 60 da 0c a9 00 e0 ff ff 00 00 00 00 09 00   ..`.............
0010  01 03 00 16 00 81 01 08 00 00 00 00 00 ff ff fb   ................
0020  ff 00 00                                          ...

0000  1b 00 60 ca 82 a8 00 e0 ff ff 00 00 00 00 09 00   ..`.............
0010  01 03 00 16 00 81 01 08 00 00 00 00 00 ff ff fd   ................
0020  ff 00 00                                          ...

0000  1b 00 60 da 0c a9 00 e0 ff ff 00 00 00 00 09 00   ..`.............
0010  01 03 00 16 00 81 01 08 00 00 00 00 00 00 00 fd   ................
0020  ff 00 00                                          ...

0000  1b 00 60 ca 82 a8 00 e0 ff ff 00 00 00 00 09 00   ..`.............
0010  01 03 00 16 00 81 01 08 00 00 00 00 00 ff ff fc   ................
0020  ff 00 00                                          ...

0000  1b 00 60 da 0c a9 00 e0 ff ff 00 00 00 00 09 00   ..`.............
0010  01 03 00 16 00 81 01 08 00 00 00 00 00 00 00 fd   ................
0020  ff 00 00                                          ...

0000  1b 00 60 ca 82 a8 00 e0 ff ff 00 00 00 00 09 00   ..`.............
0010  01 03 00 16 00 81 01 08 00 00 00 00 00 00 00 fd   ................
0020  ff 00 00                                          ...

0000  1b 00 60 da 0c a9 00 e0 ff ff 00 00 00 00 09 00   ..`.............
0010  01 03 00 16 00 81 01 08 00 00 00 00 00 00 00 fe   ................
0020  ff 00 00                                          ...

0000  1b 00 60 ca 82 a8 00 e0 ff ff 00 00 00 00 09 00   ..`.............
0010  01 03 00 16 00 81 01 08 00 00 00 00 00 00 00 fe   ................
0020  ff 00 00                                          ...

0000  1b 00 60 da 0c a9 00 e0 ff ff 00 00 00 00 09 00   ..`.............
0010  01 03 00 16 00 81 01 08 00 00 00 00 00 00 00 fd   ................
0020  ff 00 00                                          ...

0000  1b 00 60 ca 82 a8 00 e0 ff ff 00 00 00 00 09 00   ..`.............
0010  01 03 00 16 00 81 01 08 00 00 00 00 00 00 00 fe   ................
0020  ff 00 00                                          ...

0000  1b 00 60 da 0c a9 00 e0 ff ff 00 00 00 00 09 00   ..`.............
0010  01 03 00 16 00 81 01 08 00 00 00 00 00 01 00 00   ................
0020  00 00 00                                          ...

0000  1b 00 60 ca 82 a8 00 e0 ff ff 00 00 00 00 09 00   ..`.............
0010  01 03 00 16 00 81 01 08 00 00 00 00 00 00 00 ff   ................
0020  ff 00 00                                          ...

0000  1b 00 60 da 0c a9 00 e0 ff ff 00 00 00 00 09 00   ..`.............
0010  01 03 00 16 00 81 01 08 00 00 00 00 00 01 00 ff   ................
0020  ff 00 00                                          ...

0000  1b 00 60 ca 82 a8 00 e0 ff ff 00 00 00 00 09 00   ..`.............
0010  01 03 00 16 00 81 01 08 00 00 00 00 00 01 00 fe   ................
0020  ff 00 00                                          ...

0000  1b 00 60 da 0c a9 00 e0 ff ff 00 00 00 00 09 00   ..`.............
0010  01 03 00 16 00 81 01 08 00 00 00 00 00 01 00 fd   ................
0020  ff 00 00                                          ...

0000  1b 00 60 ca 82 a8 00 e0 ff ff 00 00 00 00 09 00   ..`.............
0010  01 03 00 16 00 81 01 08 00 00 00 00 00 01 00 ff   ................
0020  ff 00 00                                          ...

0000  1b 00 60 da 0c a9 00 e0 ff ff 00 00 00 00 09 00   ..`.............
0010  01 03 00 16 00 81 01 08 00 00 00 00 00 02 00 fd   ................
0020  ff 00 00                                          ...

0000  1b 00 60 ca 82 a8 00 e0 ff ff 00 00 00 00 09 00   ..`.............
0010  01 03 00 16 00 81 01 08 00 00 00 00 00 02 00 ff   ................
0020  ff 00 00                                          ...

0000  1b 00 60 da 0c a9 00 e0 ff ff 00 00 00 00 09 00   ..`.............
0010  01 03 00 16 00 81 01 08 00 00 00 00 00 02 00 ff   ................
0020  ff 00 00                                          ...

0000  1b 00 60 ca 82 a8 00 e0 ff ff 00 00 00 00 09 00   ..`.............
0010  01 03 00 16 00 81 01 08 00 00 00 00 00 01 00 ff   ................
0020  ff 00 00                                          ...

0000  1b 00 60 da 0c a9 00 e0 ff ff 00 00 00 00 09 00   ..`.............
0010  01 03 00 16 00 81 01 08 00 00 00 00 00 03 00 ff   ................
0020  ff 00 00                                          ...

0000  1b 00 60 ca 82 a8 00 e0 ff ff 00 00 00 00 09 00   ..`.............
0010  01 03 00 16 00 81 01 08 00 00 00 00 00 02 00 fe   ................
0020  ff 00 00                                          ...

0000  1b 00 60 da 0c a9 00 e0 ff ff 00 00 00 00 09 00   ..`.............
0010  01 03 00 16 00 81 01 08 00 00 00 00 00 01 00 00   ................
0020  00 00 00                                          ...

0000  1b 00 60 ca 82 a8 00 e0 ff ff 00 00 00 00 09 00   ..`.............
0010  01 03 00 16 00 81 01 08 00 00 00 00 00 01 00 ff   ................
0020  ff 00 00                                          ...

0000  1b 00 60 da 0c a9 00 e0 ff ff 00 00 00 00 09 00   ..`.............
0010  01 03 00 16 00 81 01 08 00 00 00 00 00 02 00 ff   ................
0020  ff 00 00                                          ...

0000  1b 00 60 ca 82 a8 00 e0 ff ff 00 00 00 00 09 00   ..`.............
0010  01 03 00 16 00 81 01 08 00 00 00 00 00 03 00 ff   ................
0020  ff 00 00                                          ...

0000  1b 00 60 da 0c a9 00 e0 ff ff 00 00 00 00 09 00   ..`.............
0010  01 03 00 16 00 81 01 08 00 00 00 00 00 03 00 00   ................
0020  00 00 00                                          ...

0000  1b 00 60 ca 82 a8 00 e0 ff ff 00 00 00 00 09 00   ..`.............
0010  01 03 00 16 00 81 01 08 00 00 00 00 00 06 00 fe   ................
0020  ff 00 00                                          ...

0000  1b 00 60 da 0c a9 00 e0 ff ff 00 00 00 00 09 00   ..`.............
0010  01 03 00 16 00 81 01 08 00 00 00 00 00 06 00 fd   ................
0020  ff 00 00                                          ...

0000  1b 00 60 ca 82 a8 00 e0 ff ff 00 00 00 00 09 00   ..`.............
0010  01 03 00 16 00 81 01 08 00 00 00 00 00 06 00 fd   ................
0020  ff 00 00                                          ...

0000  1b 00 60 da 0c a9 00 e0 ff ff 00 00 00 00 09 00   ..`.............
0010  01 03 00 16 00 81 01 08 00 00 00 00 00 04 00 fe   ................
0020  ff 00 00                                          ...

0000  1b 00 60 ca 82 a8 00 e0 ff ff 00 00 00 00 09 00   ..`.............
0010  01 03 00 16 00 81 01 08 00 00 00 00 00 03 00 ff   ................
0020  ff 00 00                                          ...

0000  1b 00 60 da 0c a9 00 e0 ff ff 00 00 00 00 09 00   ..`.............
0010  01 03 00 16 00 81 01 08 00 00 00 00 00 02 00 ff   ................
0020  ff 00 00                                          ...

0000  1b 00 60 ca 82 a8 00 e0 ff ff 00 00 00 00 09 00   ..`.............
0010  01 03 00 16 00 81 01 08 00 00 00 00 00 00 00 ff   ................
0020  ff 00 00                                          ...

0000  1b 00 60 da 0c a9 00 e0 ff ff 00 00 00 00 09 00   ..`.............
0010  01 03 00 16 00 81 01 08 00 00 00 00 00 00 00 ff   ................
0020  ff 00 00                                          ...

0000  1b 00 60 ca 82 a8 00 e0 ff ff 00 00 00 00 09 00   ..`.............
0010  01 03 00 16 00 81 01 08 00 00 00 00 00 00 00 ff   ................
0020  ff 00 00                                          ...

0000  1b 00 60 da 0c a9 00 e0 ff ff 00 00 00 00 09 00   ..`.............
0010  01 03 00 16 00 81 01 08 00 00 00 00 00 00 00 ff   ................
0020  ff 00 00                                          ...

0000  1b 00 60 ca 82 a8 00 e0 ff ff 00 00 00 00 09 00   ..`.............
0010  01 03 00 16 00 81 01 08 00 00 00 00 00 00 00 ff   ................
0020  ff 00 00                                          ...

0000  1b 00 60 da 0c a9 00 e0 ff ff 00 00 00 00 09 00   ..`.............
0010  01 03 00 16 00 81 01 08 00 00 00 00 00 00 00 ff   ................
0020  ff 00 00                                          ...

0000  1b 00 60 ca 82 a8 00 e0 ff ff 00 00 00 00 09 00   ..`.............
0010  01 03 00 16 00 81 01 08 00 00 00 01 00 00 00 00   ................
0020  00 00 00                                          ...

0000  1b 00 60 da 0c a9 00 e0 ff ff 00 00 00 00 09 00   ..`.............
0010  01 03 00 16 00 81 01 08 00 00 00 00 00 00 00 00   ................
0020  00 00 00                                          ...

0000  1b 00 60 ca 82 a8 00 e0 ff ff 00 00 00 00 09 00   ..`.............
0010  01 03 00 16 00 81 01 08 00 00 00 02 00 00 00 00   ................
0020  00 00 00                                          ...

0000  1b 00 60 da 0c a9 00 e0 ff ff 00 00 00 00 09 00   ..`.............
0010  01 03 00 16 00 81 01 08 00 00 00 00 00 00 00 00   ................
0020  00 00 00                                          ...

0000  1b 00 60 ca 82 a8 00 e0 ff ff 00 00 00 00 09 00   ..`.............
0010  01 03 00 16 00 81 01 08 00 00 00 02 00 00 00 00   ................
0020  00 00 00                                          ...

0000  1b 00 60 da 0c a9 00 e0 ff ff 00 00 00 00 09 00   ..`.............
0010  01 03 00 16 00 81 01 08 00 00 00 00 00 00 00 00   ................
0020  00 00 00                                          ...

0000  1b 00 60 ca 82 a8 00 e0 ff ff 00 00 00 00 09 00   ..`.............
0010  01 03 00 16 00 81 01 08 00 00 00 02 00 00 00 00   ................
0020  00 00 00                                          ...

0000  1b 00 60 da 0c a9 00 e0 ff ff 00 00 00 00 09 00   ..`.............
0010  01 03 00 16 00 81 01 08 00 00 00 00 00 00 00 00   ................
0020  00 00 00                                          ...

0000  1b 00 60 ca 82 a8 00 e0 ff ff 00 00 00 00 09 00   ..`.............
0010  01 03 00 16 00 81 01 08 00 00 00 02 00 00 00 00   ................
0020  00 00 00                                          ...

0000  1b 00 60 da 0c a9 00 e0 ff ff 00 00 00 00 09 00   ..`.............
0010  01 03 00 16 00 81 01 08 00 00 00 00 00 00 00 00   ................
0020  00 00 00                                          ...

0000  1b 00 60 ca 82 a8 00 e0 ff ff 00 00 00 00 09 00   ..`.............
0010  01 03 00 16 00 81 01 08 00 00 00 01 00 00 00 00   ................
0020  00 00 00                                          ...

0000  1b 00 60 da 0c a9 00 e0 ff ff 00 00 00 00 09 00   ..`.............
0010  01 03 00 16 00 81 01 08 00 00 00 00 00 00 00 00   ................
0020  00 00 00                                          ...

0000  1b 00 60 ca 82 a8 00 e0 ff ff 00 00 00 00 09 00   ..`.............
0010  01 03 00 16 00 81 01 08 00 00 00 02 00 00 00 00   ................
0020  00 00 00                                          ...

0000  1b 00 60 da 0c a9 00 e0 ff ff 00 00 00 00 09 00   ..`.............
0010  01 03 00 16 00 81 01 08 00 00 00 00 00 00 00 00   ................
0020  00 00 00                                          ...

0000  1b 00 60 ca 82 a8 00 e0 ff ff 00 00 00 00 09 00   ..`.............
0010  01 03 00 16 00 81 01 08 00 00 00 02 00 00 00 00   ................
0020  00 00 00                                          ...

0000  1b 00 60 da 0c a9 00 e0 ff ff 00 00 00 00 09 00   ..`.............
0010  01 03 00 16 00 81 01 08 00 00 00 00 00 00 00 00   ................
0020  00 00 00                                          ...

0000  1b 00 60 ca 82 a8 00 e0 ff ff 00 00 00 00 09 00   ..`.............
0010  01 03 00 16 00 81 01 08 00 00 00 01 00 00 00 00   ................
0020  00 00 00                                          ...

0000  1b 00 60 da 0c a9 00 e0 ff ff 00 00 00 00 09 00   ..`.............
0010  01 03 00 16 00 81 01 08 00 00 00 00 00 00 00 00   ................
0020  00 00 00                                          ...

0000  1b 00 60 ca 82 a8 00 e0 ff ff 00 00 00 00 09 00   ..`.............
0010  01 03 00 16 00 81 01 08 00 00 00 02 00 00 00 00   ................
0020  00 00 00                                          ...

0000  1b 00 60 da 0c a9 00 e0 ff ff 00 00 00 00 09 00   ..`.............
0010  01 03 00 16 00 81 01 08 00 00 00 00 00 00 00 00   ................
0020  00 00 00                                          ...

0000  1b 00 60 ca 82 a8 00 e0 ff ff 00 00 00 00 09 00   ..`.............
0010  01 03 00 16 00 81 01 08 00 00 00 02 00 00 00 00   ................
0020  00 00 00                                          ...

0000  1b 00 60 da 0c a9 00 e0 ff ff 00 00 00 00 09 00   ..`.............
0010  01 03 00 16 00 81 01 08 00 00 00 00 00 00 00 00   ................
0020  00 00 00                                          ...

0000  1b 00 60 ca 82 a8 00 e0 ff ff 00 00 00 00 09 00   ..`.............
0010  01 03 00 16 00 81 01 08 00 00 00 01 00 00 00 00   ................
0020  00 00 00                                          ...

0000  1b 00 60 da 0c a9 00 e0 ff ff 00 00 00 00 09 00   ..`.............
0010  01 03 00 16 00 81 01 08 00 00 00 00 00 00 00 00   ................
0020  00 00 00                                          ...

0000  1b 00 60 ca 82 a8 00 e0 ff ff 00 00 00 00 09 00   ..`.............
0010  01 03 00 16 00 81 01 08 00 00 00 01 00 00 00 00   ................
0020  00 00 00                                          ...

0000  1b 00 60 da 0c a9 00 e0 ff ff 00 00 00 00 09 00   ..`.............
0010  01 03 00 16 00 81 01 08 00 00 00 00 00 00 00 00   ................
0020  00 00 00                                          ...

0000  1b 00 60 ca 82 a8 00 e0 ff ff 00 00 00 00 09 00   ..`.............
0010  01 03 00 16 00 81 01 08 00 00 00 01 00 00 00 00   ................
0020  00 00 00                                          ...

0000  1b 00 60 da 0c a9 00 e0 ff ff 00 00 00 00 09 00   ..`.............
0010  01 03 00 16 00 81 01 08 00 00 00 00 00 00 00 00   ................
0020  00 00 00                                          ...

0000  1b 00 60 ca 82 a8 00 e0 ff ff 00 00 00 00 09 00   ..`.............
0010  01 03 00 16 00 81 01 08 00 00 00 02 00 00 00 00   ................
0020  00 00 00                                          ...

0000  1b 00 60 da 0c a9 00 e0 ff ff 00 00 00 00 09 00   ..`.............
0010  01 03 00 16 00 81 01 08 00 00 00 00 00 00 00 00   ................
0020  00 00 00                                          ...

0000  1b 00 60 ca 82 a8 00 e0 ff ff 00 00 00 00 09 00   ..`.............
0010  01 03 00 16 00 81 01 08 00 00 00 02 00 00 00 00   ................
0020  00 00 00                                          ...

0000  1b 00 60 da 0c a9 00 e0 ff ff 00 00 00 00 09 00   ..`.............
0010  01 03 00 16 00 81 01 08 00 00 00 00 00 00 00 00   ................
0020  00 00 00                                          ...

0000  1b 00 60 ca 82 a8 00 e0 ff ff 00 00 00 00 09 00   ..`.............
0010  01 03 00 16 00 81 01 08 00 00 00 01 00 00 00 00   ................
0020  00 00 00                                          ...

0000  1b 00 60 da 0c a9 00 e0 ff ff 00 00 00 00 09 00   ..`.............
0010  01 03 00 16 00 81 01 08 00 00 00 00 00 00 00 00   ................
0020  00 00 00                                          ...

0000  1b 00 60 ca 82 a8 00 e0 ff ff 00 00 00 00 09 00   ..`.............
0010  01 03 00 16 00 81 01 08 00 00 00 02 00 00 00 00   ................
0020  00 00 00                                          ...

0000  1b 00 60 da 0c a9 00 e0 ff ff 00 00 00 00 09 00   ..`.............
0010  01 03 00 16 00 81 01 08 00 00 00 00 00 00 00 00   ................
0020  00 00 00                                          ...

0000  1b 00 60 ca 82 a8 00 e0 ff ff 00 00 00 00 09 00   ..`.............
0010  01 03 00 16 00 81 01 08 00 00 00 02 00 00 00 00   ................
0020  00 00 00                                          ...

0000  1b 00 60 da 0c a9 00 e0 ff ff 00 00 00 00 09 00   ..`.............
0010  01 03 00 16 00 81 01 08 00 00 00 00 00 00 00 00   ................
0020  00 00 00                                          ...

0000  1b 00 60 ca 82 a8 00 e0 ff ff 00 00 00 00 09 00   ..`.............
0010  01 03 00 16 00 81 01 08 00 00 00 01 00 00 00 00   ................
0020  00 00 00                                          ...

0000  1b 00 60 da 0c a9 00 e0 ff ff 00 00 00 00 09 00   ..`.............
0010  01 03 00 16 00 81 01 08 00 00 00 00 00 00 00 00   ................
0020  00 00 00                                          ...

0000  1b 00 60 ca 82 a8 00 e0 ff ff 00 00 00 00 09 00   ..`.............
0010  01 03 00 16 00 81 01 08 00 00 00 02 00 00 00 00   ................
0020  00 00 00                                          ...

0000  1b 00 60 da 0c a9 00 e0 ff ff 00 00 00 00 09 00   ..`.............
0010  01 03 00 16 00 81 01 08 00 00 00 00 00 00 00 00   ................
0020  00 00 00                                          ...

0000  1b 00 60 ca 82 a8 00 e0 ff ff 00 00 00 00 09 00   ..`.............
0010  01 03 00 16 00 81 01 08 00 00 00 02 00 00 00 00   ................
0020  00 00 00                                          ...

0000  1b 00 60 da 0c a9 00 e0 ff ff 00 00 00 00 09 00   ..`.............
0010  01 03 00 16 00 81 01 08 00 00 00 00 00 00 00 00   ................
0020  00 00 00                                          ...

0000  1b 00 60 ca 82 a8 00 e0 ff ff 00 00 00 00 09 00   ..`.............
0010  01 03 00 16 00 81 01 08 00 00 00 01 00 00 00 00   ................
0020  00 00 00                                          ...

0000  1b 00 60 da 0c a9 00 e0 ff ff 00 00 00 00 09 00   ..`.............
0010  01 03 00 16 00 81 01 08 00 00 00 00 00 00 00 00   ................
0020  00 00 00                                          ...

0000  1b 00 60 ca 82 a8 00 e0 ff ff 00 00 00 00 09 00   ..`.............
0010  01 03 00 16 00 81 01 08 00 00 00 01 00 00 00 00   ................
0020  00 00 00                                          ...

0000  1b 00 60 da 0c a9 00 e0 ff ff 00 00 00 00 09 00   ..`.............
0010  01 03 00 16 00 81 01 08 00 00 00 00 00 00 00 00   ................
0020  00 00 00                                          ...

0000  1b 00 60 ca 82 a8 00 e0 ff ff 00 00 00 00 09 00   ..`.............
0010  01 03 00 16 00 81 01 08 00 00 00 01 00 00 00 00   ................
0020  00 00 00                                          ...

0000  1b 00 60 da 0c a9 00 e0 ff ff 00 00 00 00 09 00   ..`.............
0010  01 03 00 16 00 81 01 08 00 00 00 00 00 00 00 00   ................
0020  00 00 00                                          ...

0000  1b 00 60 ca 82 a8 00 e0 ff ff 00 00 00 00 09 00   ..`.............
0010  01 03 00 16 00 81 01 08 00 00 00 01 00 00 00 00   ................
0020  00 00 00                                          ...

0000  1b 00 60 da 0c a9 00 e0 ff ff 00 00 00 00 09 00   ..`.............
0010  01 03 00 16 00 81 01 08 00 00 00 00 00 00 00 00   ................
0020  00 00 00                                          ...

0000  1b 00 60 ca 82 a8 00 e0 ff ff 00 00 00 00 09 00   ..`.............
0010  01 03 00 16 00 81 01 08 00 00 00 02 00 00 00 00   ................
0020  00 00 00                                          ...

0000  1b 00 60 da 0c a9 00 e0 ff ff 00 00 00 00 09 00   ..`.............
0010  01 03 00 16 00 81 01 08 00 00 00 00 00 00 00 00   ................
0020  00 00 00                                          ...

0000  1b 00 60 ca 82 a8 00 e0 ff ff 00 00 00 00 09 00   ..`.............
0010  01 03 00 16 00 81 01 08 00 00 00 02 00 00 00 00   ................
0020  00 00 00                                          ...

0000  1b 00 60 da 0c a9 00 e0 ff ff 00 00 00 00 09 00   ..`.............
0010  01 03 00 16 00 81 01 08 00 00 00 00 00 00 00 00   ................
0020  00 00 00                                          ...

0000  1b 00 60 ca 82 a8 00 e0 ff ff 00 00 00 00 09 00   ..`.............
0010  01 03 00 16 00 81 01 08 00 00 00 01 00 00 00 00   ................
0020  00 00 00                                          ...

0000  1b 00 60 da 0c a9 00 e0 ff ff 00 00 00 00 09 00   ..`.............
0010  01 03 00 16 00 81 01 08 00 00 00 00 00 00 00 00   ................
0020  00 00 00                                          ...

0000  1b 00 60 ca 82 a8 00 e0 ff ff 00 00 00 00 09 00   ..`.............
0010  01 03 00 16 00 81 01 08 00 00 00 01 00 00 00 00   ................
0020  00 00 00                                          ...

0000  1b 00 60 da 0c a9 00 e0 ff ff 00 00 00 00 09 00   ..`.............
0010  01 03 00 16 00 81 01 08 00 00 00 00 00 00 00 00   ................
0020  00 00 00                                          ...

0000  1b 00 60 ca 82 a8 00 e0 ff ff 00 00 00 00 09 00   ..`.............
0010  01 03 00 16 00 81 01 08 00 00 00 01 00 00 00 00   ................
0020  00 00 00                                          ...

0000  1b 00 60 da 0c a9 00 e0 ff ff 00 00 00 00 09 00   ..`.............
0010  01 03 00 16 00 81 01 08 00 00 00 00 00 00 00 00   ................
0020  00 00 00                                          ...

0000  1b 00 60 ca 82 a8 00 e0 ff ff 00 00 00 00 09 00   ..`.............
0010  01 03 00 16 00 81 01 08 00 00 00 02 00 00 00 00   ................
0020  00 00 00                                          ...

0000  1b 00 60 da 0c a9 00 e0 ff ff 00 00 00 00 09 00   ..`.............
0010  01 03 00 16 00 81 01 08 00 00 00 00 00 00 00 00   ................
0020  00 00 00                                          ...

0000  1b 00 60 ca 82 a8 00 e0 ff ff 00 00 00 00 09 00   ..`.............
0010  01 03 00 16 00 81 01 08 00 00 00 01 00 00 00 00   ................
0020  00 00 00                                          ...

0000  1b 00 60 da 0c a9 00 e0 ff ff 00 00 00 00 09 00   ..`.............
0010  01 03 00 16 00 81 01 08 00 00 00 00 00 00 00 00   ................
0020  00 00 00                                          ...

0000  1b 00 60 ca 82 a8 00 e0 ff ff 00 00 00 00 09 00   ..`.............
0010  01 03 00 16 00 81 01 08 00 00 00 02 00 00 00 00   ................
0020  00 00 00                                          ...

0000  1b 00 60 da 0c a9 00 e0 ff ff 00 00 00 00 09 00   ..`.............
0010  01 03 00 16 00 81 01 08 00 00 00 00 00 00 00 00   ................
0020  00 00 00                                          ...

0000  1b 00 60 ca 82 a8 00 e0 ff ff 00 00 00 00 09 00   ..`.............
0010  01 03 00 16 00 81 01 08 00 00 00 02 00 00 00 00   ................
0020  00 00 00                                          ...

0000  1b 00 60 da 0c a9 00 e0 ff ff 00 00 00 00 09 00   ..`.............
0010  01 03 00 16 00 81 01 08 00 00 00 00 00 00 00 00   ................
0020  00 00 00                                          ...

0000  1b 00 60 ca 82 a8 00 e0 ff ff 00 00 00 00 09 00   ..`.............
0010  01 03 00 16 00 81 01 08 00 00 00 01 00 00 00 00   ................
0020  00 00 00                                          ...

0000  1b 00 60 da 0c a9 00 e0 ff ff 00 00 00 00 09 00   ..`.............
0010  01 03 00 16 00 81 01 08 00 00 00 00 00 00 00 00   ................
0020  00 00 00                                          ...

0000  1b 00 60 ca 82 a8 00 e0 ff ff 00 00 00 00 09 00   ..`.............
0010  01 03 00 16 00 81 01 08 00 00 00 01 00 00 00 00   ................
0020  00 00 00                                          ...

0000  1b 00 60 da 0c a9 00 e0 ff ff 00 00 00 00 09 00   ..`.............
0010  01 03 00 16 00 81 01 08 00 00 00 00 00 00 00 00   ................
0020  00 00 00                                          ...

0000  1b 00 60 ca 82 a8 00 e0 ff ff 00 00 00 00 09 00   ..`.............
0010  01 03 00 16 00 81 01 08 00 00 00 01 00 00 00 00   ................
0020  00 00 00                                          ...

0000  1b 00 60 da 0c a9 00 e0 ff ff 00 00 00 00 09 00   ..`.............
0010  01 03 00 16 00 81 01 08 00 00 00 00 00 00 00 00   ................
0020  00 00 00                                          ...

0000  1b 00 60 ca 82 a8 00 e0 ff ff 00 00 00 00 09 00   ..`.............
0010  01 03 00 16 00 81 01 08 00 00 00 02 00 00 00 00   ................
0020  00 00 00                                          ...

0000  1b 00 60 da 0c a9 00 e0 ff ff 00 00 00 00 09 00   ..`.............
0010  01 03 00 16 00 81 01 08 00 00 00 00 00 00 00 00   ................
0020  00 00 00                                          ...

0000  1b 00 60 ca 82 a8 00 e0 ff ff 00 00 00 00 09 00   ..`.............
0010  01 03 00 16 00 81 01 08 00 00 00 02 00 00 00 00   ................
0020  00 00 00                                          ...

0000  1b 00 60 da 0c a9 00 e0 ff ff 00 00 00 00 09 00   ..`.............
0010  01 03 00 16 00 81 01 08 00 00 00 00 00 00 00 00   ................
0020  00 00 00                                          ...

0000  1b 00 60 ca 82 a8 00 e0 ff ff 00 00 00 00 09 00   ..`.............
0010  01 03 00 16 00 81 01 08 00 00 00 01 00 00 00 00   ................
0020  00 00 00                                          ...

0000  1b 00 60 da 0c a9 00 e0 ff ff 00 00 00 00 09 00   ..`.............
0010  01 03 00 16 00 81 01 08 00 00 00 00 00 00 00 00   ................
0020  00 00 00                                          ...

0000  1b 00 60 ca 82 a8 00 e0 ff ff 00 00 00 00 09 00   ..`.............
0010  01 03 00 16 00 81 01 08 00 00 00 02 00 00 00 00   ................
0020  00 00 00                                          ...

0000  1b 00 60 da 0c a9 00 e0 ff ff 00 00 00 00 09 00   ..`.............
0010  01 03 00 16 00 81 01 08 00 00 00 00 00 00 00 00   ................
0020  00 00 00                                          ...

0000  1b 00 60 ca 82 a8 00 e0 ff ff 00 00 00 00 09 00   ..`.............
0010  01 03 00 16 00 81 01 08 00 00 00 02 00 00 00 00   ................
0020  00 00 00                                          ...

0000  1b 00 60 da 0c a9 00 e0 ff ff 00 00 00 00 09 00   ..`.............
0010  01 03 00 16 00 81 01 08 00 00 00 00 00 00 00 00   ................
0020  00 00 00                                          ...

0000  1b 00 60 ca 82 a8 00 e0 ff ff 00 00 00 00 09 00   ..`.............
0010  01 03 00 16 00 81 01 08 00 00 00 01 00 00 00 00   ................
0020  00 00 00                                          ...

0000  1b 00 60 da 0c a9 00 e0 ff ff 00 00 00 00 09 00   ..`.............
0010  01 03 00 16 00 81 01 08 00 00 00 00 00 00 00 00   ................
0020  00 00 00                                          ...

0000  1b 00 60 ca 82 a8 00 e0 ff ff 00 00 00 00 09 00   ..`.............
0010  01 03 00 16 00 81 01 08 00 00 00 02 00 00 00 00   ................
0020  00 00 00                                          ...

0000  1b 00 60 da 0c a9 00 e0 ff ff 00 00 00 00 09 00   ..`.............
0010  01 03 00 16 00 81 01 08 00 00 00 00 00 00 00 00   ................
0020  00 00 00                                          ...

0000  1b 00 60 ca 82 a8 00 e0 ff ff 00 00 00 00 09 00   ..`.............
0010  01 03 00 16 00 81 01 08 00 00 00 01 00 00 00 00   ................
0020  00 00 00                                          ...

0000  1b 00 60 da 0c a9 00 e0 ff ff 00 00 00 00 09 00   ..`.............
0010  01 03 00 16 00 81 01 08 00 00 00 00 00 00 00 00   ................
0020  00 00 00                                          ...

0000  1b 00 60 ca 82 a8 00 e0 ff ff 00 00 00 00 09 00   ..`.............
0010  01 03 00 16 00 81 01 08 00 00 00 02 00 00 00 00   ................
0020  00 00 00                                          ...

0000  1b 00 60 da 0c a9 00 e0 ff ff 00 00 00 00 09 00   ..`.............
0010  01 03 00 16 00 81 01 08 00 00 00 00 00 00 00 00   ................
0020  00 00 00                                          ...

0000  1b 00 60 ca 82 a8 00 e0 ff ff 00 00 00 00 09 00   ..`.............
0010  01 03 00 16 00 81 01 08 00 00 00 02 00 00 00 00   ................
0020  00 00 00                                          ...

0000  1b 00 60 da 0c a9 00 e0 ff ff 00 00 00 00 09 00   ..`.............
0010  01 03 00 16 00 81 01 08 00 00 00 00 00 00 00 00   ................
0020  00 00 00                                          ...

0000  1b 00 60 ca 82 a8 00 e0 ff ff 00 00 00 00 09 00   ..`.............
0010  01 03 00 16 00 81 01 08 00 00 00 01 00 00 00 00   ................
0020  00 00 00                                          ...

0000  1b 00 60 da 0c a9 00 e0 ff ff 00 00 00 00 09 00   ..`.............
0010  01 03 00 16 00 81 01 08 00 00 00 00 00 00 00 00   ................
0020  00 00 00                                          ...

0000  1b 00 60 ca 82 a8 00 e0 ff ff 00 00 00 00 09 00   ..`.............
0010  01 03 00 16 00 81 01 08 00 00 00 02 00 00 00 00   ................
0020  00 00 00                                          ...

0000  1b 00 60 da 0c a9 00 e0 ff ff 00 00 00 00 09 00   ..`.............
0010  01 03 00 16 00 81 01 08 00 00 00 00 00 00 00 00   ................
0020  00 00 00                                          ...

0000  1b 00 60 ca 82 a8 00 e0 ff ff 00 00 00 00 09 00   ..`.............
0010  01 03 00 16 00 81 01 08 00 00 00 01 00 00 00 00   ................
0020  00 00 00                                          ...

0000  1b 00 60 da 0c a9 00 e0 ff ff 00 00 00 00 09 00   ..`.............
0010  01 03 00 16 00 81 01 08 00 00 00 00 00 00 00 00   ................
0020  00 00 00                                          ...

0000  1b 00 60 ca 82 a8 00 e0 ff ff 00 00 00 00 09 00   ..`.............
0010  01 03 00 16 00 81 01 08 00 00 00 02 00 00 00 00   ................
0020  00 00 00                                          ...

0000  1b 00 60 da 0c a9 00 e0 ff ff 00 00 00 00 09 00   ..`.............
0010  01 03 00 16 00 81 01 08 00 00 00 00 00 00 00 00   ................
0020  00 00 00                                          ...

0000  1b 00 60 ca 82 a8 00 e0 ff ff 00 00 00 00 09 00   ..`.............
0010  01 03 00 16 00 81 01 08 00 00 00 02 00 00 00 00   ................
0020  00 00 00                                          ...

0000  1b 00 60 da 0c a9 00 e0 ff ff 00 00 00 00 09 00   ..`.............
0010  01 03 00 16 00 81 01 08 00 00 00 00 00 00 00 00   ................
0020  00 00 00                                          ...

0000  1b 00 60 ca 82 a8 00 e0 ff ff 00 00 00 00 09 00   ..`.............
0010  01 03 00 16 00 81 01 08 00 00 00 02 00 00 00 00   ................
0020  00 00 00                                          ...

0000  1b 00 60 da 0c a9 00 e0 ff ff 00 00 00 00 09 00   ..`.............
0010  01 03 00 16 00 81 01 08 00 00 00 00 00 00 00 00   ................
0020  00 00 00                                          ...

0000  1b 00 60 ca 82 a8 00 e0 ff ff 00 00 00 00 09 00   ..`.............
0010  01 03 00 16 00 81 01 08 00 00 00 02 00 00 00 00   ................
0020  00 00 00                                          ...

0000  1b 00 60 da 0c a9 00 e0 ff ff 00 00 00 00 09 00   ..`.............
0010  01 03 00 16 00 81 01 08 00 00 00 00 00 00 00 00   ................
0020  00 00 00                                          ...

0000  1b 00 60 ca 82 a8 00 e0 ff ff 00 00 00 00 09 00   ..`.............
0010  01 03 00 16 00 81 01 08 00 00 00 02 00 00 00 00   ................
0020  00 00 00                                          ...

0000  1b 00 60 da 0c a9 00 e0 ff ff 00 00 00 00 09 00   ..`.............
0010  01 03 00 16 00 81 01 08 00 00 00 00 00 00 00 00   ................
0020  00 00 00                                          ...

0000  1b 00 60 ca 82 a8 00 e0 ff ff 00 00 00 00 09 00   ..`.............
0010  01 03 00 16 00 81 01 08 00 00 00 01 00 00 00 00   ................
0020  00 00 00                                          ...

0000  1b 00 60 da 0c a9 00 e0 ff ff 00 00 00 00 09 00   ..`.............
0010  01 03 00 16 00 81 01 08 00 00 00 00 00 00 00 00   ................
0020  00 00 00                                          ...

0000  1b 00 60 ca 82 a8 00 e0 ff ff 00 00 00 00 09 00   ..`.............
0010  01 03 00 16 00 81 01 08 00 00 00 02 00 00 00 00   ................
0020  00 00 00                                          ...

0000  1b 00 60 da 0c a9 00 e0 ff ff 00 00 00 00 09 00   ..`.............
0010  01 03 00 16 00 81 01 08 00 00 00 00 00 00 00 00   ................
0020  00 00 00                                          ...

0000  1b 00 60 ca 82 a8 00 e0 ff ff 00 00 00 00 09 00   ..`.............
0010  01 03 00 16 00 81 01 08 00 00 00 02 00 00 00 00   ................
0020  00 00 00                                          ...

0000  1b 00 60 da 0c a9 00 e0 ff ff 00 00 00 00 09 00   ..`.............
0010  01 03 00 16 00 81 01 08 00 00 00 00 00 00 00 00   ................
0020  00 00 00                                          ...

0000  1b 00 60 ca 82 a8 00 e0 ff ff 00 00 00 00 09 00   ..`.............
0010  01 03 00 16 00 81 01 08 00 00 00 01 00 00 00 00   ................
0020  00 00 00                                          ...

0000  1b 00 60 da 0c a9 00 e0 ff ff 00 00 00 00 09 00   ..`.............
0010  01 03 00 16 00 81 01 08 00 00 00 00 00 00 00 00   ................
0020  00 00 00                                          ...

0000  1b 00 60 ca 82 a8 00 e0 ff ff 00 00 00 00 09 00   ..`.............
0010  01 03 00 16 00 81 01 08 00 00 00 01 00 00 00 00   ................
0020  00 00 00                                          ...

0000  1b 00 60 da 0c a9 00 e0 ff ff 00 00 00 00 09 00   ..`.............
0010  01 03 00 16 00 81 01 08 00 00 00 00 00 00 00 00   ................
0020  00 00 00                                          ...

0000  1b 00 60 ca 82 a8 00 e0 ff ff 00 00 00 00 09 00   ..`.............
0010  01 03 00 16 00 81 01 08 00 00 00 01 00 00 00 00   ................
0020  00 00 00                                          ...

0000  1b 00 60 da 0c a9 00 e0 ff ff 00 00 00 00 09 00   ..`.............
0010  01 03 00 16 00 81 01 08 00 00 00 00 00 00 00 00   ................
0020  00 00 00                                          ...

0000  1b 00 60 ca 82 a8 00 e0 ff ff 00 00 00 00 09 00   ..`.............
0010  01 03 00 16 00 81 01 08 00 00 00 02 00 00 00 00   ................
0020  00 00 00                                          ...

0000  1b 00 60 da 0c a9 00 e0 ff ff 00 00 00 00 09 00   ..`.............
0010  01 03 00 16 00 81 01 08 00 00 00 00 00 00 00 00   ................
0020  00 00 00                                          ...

0000  1b 00 60 ca 82 a8 00 e0 ff ff 00 00 00 00 09 00   ..`.............
0010  01 03 00 16 00 81 01 08 00 00 00 02 00 00 00 00   ................
0020  00 00 00                                          ...

0000  1b 00 60 da 0c a9 00 e0 ff ff 00 00 00 00 09 00   ..`.............
0010  01 03 00 16 00 81 01 08 00 00 00 00 00 00 00 00   ................
0020  00 00 00                                          ...

0000  1b 00 60 ca 82 a8 00 e0 ff ff 00 00 00 00 09 00   ..`.............
0010  01 03 00 16 00 81 01 08 00 00 00 01 00 00 00 00   ................
0020  00 00 00                                          ...

0000  1b 00 60 da 0c a9 00 e0 ff ff 00 00 00 00 09 00   ..`.............
0010  01 03 00 16 00 81 01 08 00 00 00 00 00 00 00 00   ................
0020  00 00 00                                          ...

0000  1b 00 60 ca 82 a8 00 e0 ff ff 00 00 00 00 09 00   ..`.............
0010  01 03 00 16 00 81 01 08 00 00 00 01 00 00 00 00   ................
0020  00 00 00                                          ...

0000  1b 00 60 da 0c a9 00 e0 ff ff 00 00 00 00 09 00   ..`.............
0010  01 03 00 16 00 81 01 08 00 00 00 00 00 00 00 00   ................
0020  00 00 00                                          ...

0000  1b 00 60 ca 82 a8 00 e0 ff ff 00 00 00 00 09 00   ..`.............
0010  01 03 00 16 00 81 01 08 00 00 00 02 00 00 00 00   ................
0020  00 00 00                                          ...

0000  1b 00 60 da 0c a9 00 e0 ff ff 00 00 00 00 09 00   ..`.............
0010  01 03 00 16 00 81 01 08 00 00 00 00 00 00 00 00   ................
0020  00 00 00                                          ...

0000  1b 00 60 ca 82 a8 00 e0 ff ff 00 00 00 00 09 00   ..`.............
0010  01 03 00 16 00 81 01 08 00 00 00 02 00 00 00 00   ................
0020  00 00 00                                          ...

0000  1b 00 60 da 0c a9 00 e0 ff ff 00 00 00 00 09 00   ..`.............
0010  01 03 00 16 00 81 01 08 00 00 00 00 00 00 00 00   ................
0020  00 00 00                                          ...

0000  1b 00 60 ca 82 a8 00 e0 ff ff 00 00 00 00 09 00   ..`.............
0010  01 03 00 16 00 81 01 08 00 00 00 01 00 00 00 00   ................
0020  00 00 00                                          ...

0000  1b 00 60 da 0c a9 00 e0 ff ff 00 00 00 00 09 00   ..`.............
0010  01 03 00 16 00 81 01 08 00 00 00 00 00 00 00 00   ................
0020  00 00 00                                          ...

0000  1b 00 60 ca 82 a8 00 e0 ff ff 00 00 00 00 09 00   ..`.............
0010  01 03 00 16 00 81 01 08 00 00 00 01 00 00 00 00   ................
0020  00 00 00                                          ...

0000  1b 00 60 da 0c a9 00 e0 ff ff 00 00 00 00 09 00   ..`.............
0010  01 03 00 16 00 81 01 08 00 00 00 00 00 00 00 00   ................
0020  00 00 00                                          ...

0000  1b 00 60 ca 82 a8 00 e0 ff ff 00 00 00 00 09 00   ..`.............
0010  01 03 00 16 00 81 01 08 00 00 00 01 00 00 00 00   ................
0020  00 00 00                                          ...

0000  1b 00 60 da 0c a9 00 e0 ff ff 00 00 00 00 09 00   ..`.............
0010  01 03 00 16 00 81 01 08 00 00 00 00 00 00 00 00   ................
0020  00 00 00                                          ...

0000  1b 00 60 ca 82 a8 00 e0 ff ff 00 00 00 00 09 00   ..`.............
0010  01 03 00 16 00 81 01 08 00 00 00 02 00 00 00 00   ................
0020  00 00 00                                          ...

0000  1b 00 60 da 0c a9 00 e0 ff ff 00 00 00 00 09 00   ..`.............
0010  01 03 00 16 00 81 01 08 00 00 00 00 00 00 00 00   ................
0020  00 00 00                                          ...

0000  1b 00 60 ca 82 a8 00 e0 ff ff 00 00 00 00 09 00   ..`.............
0010  01 03 00 16 00 81 01 08 00 00 00 01 00 00 00 00   ................
0020  00 00 00                                          ...

0000  1b 00 60 da 0c a9 00 e0 ff ff 00 00 00 00 09 00   ..`.............
0010  01 03 00 16 00 81 01 08 00 00 00 00 00 00 00 00   ................
0020  00 00 00                                          ...

0000  1b 00 60 ca 82 a8 00 e0 ff ff 00 00 00 00 09 00   ..`.............
0010  01 03 00 16 00 81 01 08 00 00 00 02 00 00 00 00   ................
0020  00 00 00                                          ...

0000  1b 00 60 da 0c a9 00 e0 ff ff 00 00 00 00 09 00   ..`.............
0010  01 03 00 16 00 81 01 08 00 00 00 00 00 00 00 00   ................
0020  00 00 00                                          ...

0000  1b 00 60 ca 82 a8 00 e0 ff ff 00 00 00 00 09 00   ..`.............
0010  01 03 00 16 00 81 01 08 00 00 00 02 00 00 00 00   ................
0020  00 00 00                                          ...

0000  1b 00 60 da 0c a9 00 e0 ff ff 00 00 00 00 09 00   ..`.............
0010  01 03 00 16 00 81 01 08 00 00 00 00 00 00 00 00   ................
0020  00 00 00                                          ...

0000  1b 00 60 ca 82 a8 00 e0 ff ff 00 00 00 00 09 00   ..`.............
0010  01 03 00 16 00 81 01 08 00 00 00 01 00 00 00 00   ................
0020  00 00 00                                          ...

0000  1b 00 60 da 0c a9 00 e0 ff ff 00 00 00 00 09 00   ..`.............
0010  01 03 00 16 00 81 01 08 00 00 00 00 00 00 00 00   ................
0020  00 00 00                                          ...

0000  1b 00 60 ca 82 a8 00 e0 ff ff 00 00 00 00 09 00   ..`.............
0010  01 03 00 16 00 81 01 08 00 00 00 02 00 00 00 00   ................
0020  00 00 00                                          ...

0000  1b 00 60 da 0c a9 00 e0 ff ff 00 00 00 00 09 00   ..`.............
0010  01 03 00 16 00 81 01 08 00 00 00 00 00 00 00 00   ................
0020  00 00 00                                          ...

0000  1b 00 60 ca 82 a8 00 e0 ff ff 00 00 00 00 09 00   ..`.............
0010  01 03 00 16 00 81 01 08 00 00 00 01 00 00 00 00   ................
0020  00 00 00                                          ...

0000  1b 00 60 da 0c a9 00 e0 ff ff 00 00 00 00 09 00   ..`.............
0010  01 03 00 16 00 81 01 08 00 00 00 00 00 00 00 00   ................
0020  00 00 00                                          ...

0000  1b 00 60 ca 82 a8 00 e0 ff ff 00 00 00 00 09 00   ..`.............
0010  01 03 00 16 00 81 01 08 00 00 00 01 00 00 00 00   ................
0020  00 00 00                                          ...

0000  1b 00 60 da 0c a9 00 e0 ff ff 00 00 00 00 09 00   ..`.............
0010  01 03 00 16 00 81 01 08 00 00 00 00 00 00 00 00   ................
0020  00 00 00                                          ...

0000  1b 00 60 ca 82 a8 00 e0 ff ff 00 00 00 00 09 00   ..`.............
0010  01 03 00 16 00 81 01 08 00 00 00 02 00 00 00 00   ................
0020  00 00 00                                          ...

0000  1b 00 60 da 0c a9 00 e0 ff ff 00 00 00 00 09 00   ..`.............
0010  01 03 00 16 00 81 01 08 00 00 00 00 00 00 00 00   ................
0020  00 00 00                                          ...

0000  1b 00 60 ca 82 a8 00 e0 ff ff 00 00 00 00 09 00   ..`.............
0010  01 03 00 16 00 81 01 08 00 00 00 01 00 00 00 00   ................
0020  00 00 00                                          ...

0000  1b 00 60 da 0c a9 00 e0 ff ff 00 00 00 00 09 00   ..`.............
0010  01 03 00 16 00 81 01 08 00 00 00 00 00 00 00 00   ................
0020  00 00 00                                          ...

0000  1b 00 60 ca 82 a8 00 e0 ff ff 00 00 00 00 09 00   ..`.............
0010  01 03 00 16 00 81 01 08 00 00 00 02 00 00 00 00   ................
0020  00 00 00                                          ...

0000  1b 00 60 da 0c a9 00 e0 ff ff 00 00 00 00 09 00   ..`.............
0010  01 03 00 16 00 81 01 08 00 00 00 00 00 00 00 00   ................
0020  00 00 00                                          ...

0000  1b 00 60 ca 82 a8 00 e0 ff ff 00 00 00 00 09 00   ..`.............
0010  01 03 00 16 00 81 01 08 00 00 00 02 00 00 00 00   ................
0020  00 00 00                                          ...

0000  1b 00 60 da 0c a9 00 e0 ff ff 00 00 00 00 09 00   ..`.............
0010  01 03 00 16 00 81 01 08 00 00 00 00 00 00 00 00   ................
0020  00 00 00                                          ...

0000  1b 00 60 ca 82 a8 00 e0 ff ff 00 00 00 00 09 00   ..`.............
0010  01 03 00 16 00 81 01 08 00 00 00 01 00 00 00 00   ................
0020  00 00 00                                          ...

0000  1b 00 60 da 0c a9 00 e0 ff ff 00 00 00 00 09 00   ..`.............
0010  01 03 00 16 00 81 01 08 00 00 00 00 00 00 00 00   ................
0020  00 00 00                                          ...

0000  1b 00 60 ca 82 a8 00 e0 ff ff 00 00 00 00 09 00   ..`.............
0010  01 03 00 16 00 81 01 08 00 00 00 01 00 00 00 00   ................
0020  00 00 00                                          ...

0000  1b 00 60 da 0c a9 00 e0 ff ff 00 00 00 00 09 00   ..`.............
0010  01 03 00 16 00 81 01 08 00 00 00 00 00 00 00 00   ................
0020  00 00 00                                          ...

0000  1b 00 60 ca 82 a8 00 e0 ff ff 00 00 00 00 09 00   ..`.............
0010  01 03 00 16 00 81 01 08 00 00 00 01 00 00 00 00   ................
0020  00 00 00                                          ...

0000  1b 00 60 da 0c a9 00 e0 ff ff 00 00 00 00 09 00   ..`.............
0010  01 03 00 16 00 81 01 08 00 00 00 00 00 00 00 00   ................
0020  00 00 00                                          ...

0000  1b 00 60 ca 82 a8 00 e0 ff ff 00 00 00 00 09 00   ..`.............
0010  01 03 00 16 00 81 01 08 00 00 00 02 00 00 00 00   ................
0020  00 00 00                                          ...

0000  1b 00 60 da 0c a9 00 e0 ff ff 00 00 00 00 09 00   ..`.............
0010  01 03 00 16 00 81 01 08 00 00 00 00 00 00 00 00   ................
0020  00 00 00                                          ...

0000  1b 00 60 ca 82 a8 00 e0 ff ff 00 00 00 00 09 00   ..`.............
0010  01 03 00 16 00 81 01 08 00 00 00 02 00 00 00 00   ................
0020  00 00 00                                          ...

0000  1b 00 60 da 0c a9 00 e0 ff ff 00 00 00 00 09 00   ..`.............
0010  01 03 00 16 00 81 01 08 00 00 00 00 00 00 00 00   ................
0020  00 00 00                                          ...

0000  1b 00 60 ca 82 a8 00 e0 ff ff 00 00 00 00 09 00   ..`.............
0010  01 03 00 16 00 81 01 08 00 00 00 01 00 00 00 00   ................
0020  00 00 00                                          ...

0000  1b 00 60 da 0c a9 00 e0 ff ff 00 00 00 00 09 00   ..`.............
0010  01 03 00 16 00 81 01 08 00 00 00 00 00 00 00 00   ................
0020  00 00 00                                          ...

0000  1b 00 60 ca 82 a8 00 e0 ff ff 00 00 00 00 09 00   ..`.............
0010  01 03 00 16 00 81 01 08 00 00 00 02 00 00 00 00   ................
0020  00 00 00                                          ...

0000  1b 00 60 da 0c a9 00 e0 ff ff 00 00 00 00 09 00   ..`.............
0010  01 03 00 16 00 81 01 08 00 00 00 00 00 00 00 00   ................
0020  00 00 00                                          ...

0000  1b 00 60 ca 82 a8 00 e0 ff ff 00 00 00 00 09 00   ..`.............
0010  01 03 00 16 00 81 01 08 00 00 00 02 00 00 00 00   ................
0020  00 00 00                                          ...

0000  1b 00 60 da 0c a9 00 e0 ff ff 00 00 00 00 09 00   ..`.............
0010  01 03 00 16 00 81 01 08 00 00 00 00 00 00 00 00   ................
0020  00 00 00                                          ...

0000  1b 00 60 ca 82 a8 00 e0 ff ff 00 00 00 00 09 00   ..`.............
0010  01 03 00 16 00 81 01 08 00 00 00 01 00 00 00 00   ................
0020  00 00 00                                          ...

0000  1b 00 60 da 0c a9 00 e0 ff ff 00 00 00 00 09 00   ..`.............
0010  01 03 00 16 00 81 01 08 00 00 00 00 00 00 00 00   ................
0020  00 00 00                                          ...

0000  1b 00 60 ca 82 a8 00 e0 ff ff 00 00 00 00 09 00   ..`.............
0010  01 03 00 16 00 81 01 08 00 00 00 02 00 00 00 00   ................
0020  00 00 00                                          ...

0000  1b 00 60 da 0c a9 00 e0 ff ff 00 00 00 00 09 00   ..`.............
0010  01 03 00 16 00 81 01 08 00 00 00 00 00 00 00 00   ................
0020  00 00 00                                          ...

0000  1b 00 60 ca 82 a8 00 e0 ff ff 00 00 00 00 09 00   ..`.............
0010  01 03 00 16 00 81 01 08 00 00 00 01 00 00 00 00   ................
0020  00 00 00                                          ...

0000  1b 00 60 da 0c a9 00 e0 ff ff 00 00 00 00 09 00   ..`.............
0010  01 03 00 16 00 81 01 08 00 00 00 00 00 00 00 00   ................
0020  00 00 00                                          ...

0000  1b 00 60 ca 82 a8 00 e0 ff ff 00 00 00 00 09 00   ..`.............
0010  01 03 00 16 00 81 01 08 00 00 00 02 00 00 00 00   ................
0020  00 00 00                                          ...

0000  1b 00 60 da 0c a9 00 e0 ff ff 00 00 00 00 09 00   ..`.............
0010  01 03 00 16 00 81 01 08 00 00 00 00 00 00 00 00   ................
0020  00 00 00                                          ...

0000  1b 00 60 ca 82 a8 00 e0 ff ff 00 00 00 00 09 00   ..`.............
0010  01 03 00 16 00 81 01 08 00 00 00 02 00 00 00 00   ................
0020  00 00 00                                          ...

0000  1b 00 60 da 0c a9 00 e0 ff ff 00 00 00 00 09 00   ..`.............
0010  01 03 00 16 00 81 01 08 00 00 00 00 00 00 00 00   ................
0020  00 00 00                                          ...

0000  1b 00 60 ca 82 a8 00 e0 ff ff 00 00 00 00 09 00   ..`.............
0010  01 03 00 16 00 81 01 08 00 00 00 01 00 00 00 00   ................
0020  00 00 00                                          ...

0000  1b 00 60 da 0c a9 00 e0 ff ff 00 00 00 00 09 00   ..`.............
0010  01 03 00 16 00 81 01 08 00 00 00 00 00 00 00 00   ................
0020  00 00 00                                          ...

0000  1b 00 60 ca 82 a8 00 e0 ff ff 00 00 00 00 09 00   ..`.............
0010  01 03 00 16 00 81 01 08 00 00 00 02 00 00 00 00   ................
0020  00 00 00                                          ...

0000  1b 00 60 da 0c a9 00 e0 ff ff 00 00 00 00 09 00   ..`.............
0010  01 03 00 16 00 81 01 08 00 00 00 00 00 00 00 00   ................
0020  00 00 00                                          ...

0000  1b 00 60 ca 82 a8 00 e0 ff ff 00 00 00 00 09 00   ..`.............
0010  01 03 00 16 00 81 01 08 00 00 00 02 00 00 00 00   ................
0020  00 00 00                                          ...

0000  1b 00 60 da 0c a9 00 e0 ff ff 00 00 00 00 09 00   ..`.............
0010  01 03 00 16 00 81 01 08 00 00 00 00 00 00 00 00   ................
0020  00 00 00                                          ...

0000  1b 00 60 ca 82 a8 00 e0 ff ff 00 00 00 00 09 00   ..`.............
0010  01 03 00 16 00 81 01 08 00 00 00 02 00 00 00 00   ................
0020  00 00 00                                          ...

0000  1b 00 60 da 0c a9 00 e0 ff ff 00 00 00 00 09 00   ..`.............
0010  01 03 00 16 00 81 01 08 00 00 00 00 00 00 00 00   ................
0020  00 00 00                                          ...

0000  1b 00 60 ca 82 a8 00 e0 ff ff 00 00 00 00 09 00   ..`.............
0010  01 03 00 16 00 81 01 08 00 00 00 02 00 00 00 00   ................
0020  00 00 00                                          ...

0000  1b 00 60 da 0c a9 00 e0 ff ff 00 00 00 00 09 00   ..`.............
0010  01 03 00 16 00 81 01 08 00 00 00 00 00 00 00 00   ................
0020  00 00 00                                          ...

0000  1b 00 60 ca 82 a8 00 e0 ff ff 00 00 00 00 09 00   ..`.............
0010  01 03 00 16 00 81 01 08 00 00 00 02 00 00 00 00   ................
0020  00 00 00                                          ...

0000  1b 00 60 da 0c a9 00 e0 ff ff 00 00 00 00 09 00   ..`.............
0010  01 03 00 16 00 81 01 08 00 00 00 00 00 00 00 00   ................
0020  00 00 00                                          ...

0000  1b 00 60 ca 82 a8 00 e0 ff ff 00 00 00 00 09 00   ..`.............
0010  01 03 00 16 00 81 01 08 00 00 00 01 00 00 00 00   ................
0020  00 00 00                                          ...

0000  1b 00 60 da 0c a9 00 e0 ff ff 00 00 00 00 09 00   ..`.............
0010  01 03 00 16 00 81 01 08 00 00 00 00 00 00 00 00   ................
0020  00 00 00                                          ...

0000  1b 00 60 ca 82 a8 00 e0 ff ff 00 00 00 00 09 00   ..`.............
0010  01 03 00 16 00 81 01 08 00 00 00 02 00 00 00 00   ................
0020  00 00 00                                          ...

0000  1b 00 60 da 0c a9 00 e0 ff ff 00 00 00 00 09 00   ..`.............
0010  01 03 00 16 00 81 01 08 00 00 00 00 00 00 00 00   ................
0020  00 00 00                                          ...

0000  1b 00 60 ca 82 a8 00 e0 ff ff 00 00 00 00 09 00   ..`.............
0010  01 03 00 16 00 81 01 08 00 00 00 00 00 01 00 00   ................
0020  00 00 00                                          ...

0000  1b 00 60 da 0c a9 00 e0 ff ff 00 00 00 00 09 00   ..`.............
0010  01 03 00 16 00 81 01 08 00 00 00 00 00 03 00 00   ................
0020  00 00 00                                          ...

0000  1b 00 60 ca 82 a8 00 e0 ff ff 00 00 00 00 09 00   ..`.............
0010  01 03 00 16 00 81 01 08 00 00 00 00 00 03 00 00   ................
0020  00 00 00                                          ...

0000  1b 00 60 da 0c a9 00 e0 ff ff 00 00 00 00 09 00   ..`.............
0010  01 03 00 16 00 81 01 08 00 00 00 00 00 02 00 00   ................
0020  00 00 00                                          ...

0000  1b 00 60 ca 82 a8 00 e0 ff ff 00 00 00 00 09 00   ..`.............
0010  01 03 00 16 00 81 01 08 00 00 00 00 00 04 00 00   ................
0020  00 00 00                                          ...

0000  1b 00 60 da 0c a9 00 e0 ff ff 00 00 00 00 09 00   ..`.............
0010  01 03 00 16 00 81 01 08 00 00 00 00 00 05 00 01   ................
0020  00 00 00                                          ...

0000  1b 00 60 ca 82 a8 00 e0 ff ff 00 00 00 00 09 00   ..`.............
0010  01 03 00 16 00 81 01 08 00 00 00 00 00 09 00 01   ................
0020  00 00 00                                          ...

0000  1b 00 60 da 0c a9 00 e0 ff ff 00 00 00 00 09 00   ..`.............
0010  01 03 00 16 00 81 01 08 00 00 00 00 00 05 00 02   ................
0020  00 00 00                                          ...

0000  1b 00 60 ca 82 a8 00 e0 ff ff 00 00 00 00 09 00   ..`.............
0010  01 03 00 16 00 81 01 08 00 00 00 00 00 05 00 03   ................
0020  00 00 00                                          ...

0000  1b 00 60 da 0c a9 00 e0 ff ff 00 00 00 00 09 00   ..`.............
0010  01 03 00 16 00 81 01 08 00 00 00 00 00 04 00 02   ................
0020  00 00 00                                          ...

0000  1b 00 60 ca 82 a8 00 e0 ff ff 00 00 00 00 09 00   ..`.............
0010  01 03 00 16 00 81 01 08 00 00 00 00 00 03 00 01   ................
0020  00 00 00                                          ...

0000  1b 00 60 da 0c a9 00 e0 ff ff 00 00 00 00 09 00   ..`.............
0010  01 03 00 16 00 81 01 08 00 00 00 00 00 02 00 00   ................
0020  00 00 00                                          ...

0000  1b 00 60 ca 82 a8 00 e0 ff ff 00 00 00 00 09 00   ..`.............
0010  01 03 00 16 00 81 01 08 00 00 00 00 00 04 00 01   ................
0020  00 00 00                                          ...

0000  1b 00 60 da 0c a9 00 e0 ff ff 00 00 00 00 09 00   ..`.............
0010  01 03 00 16 00 81 01 08 00 00 00 00 00 03 00 02   ................
0020  00 00 00                                          ...

0000  1b 00 60 ca 82 a8 00 e0 ff ff 00 00 00 00 09 00   ..`.............
0010  01 03 00 16 00 81 01 08 00 00 00 00 00 05 00 02   ................
0020  00 00 00                                          ...

0000  1b 00 60 da 0c a9 00 e0 ff ff 00 00 00 00 09 00   ..`.............
0010  01 03 00 16 00 81 01 08 00 00 00 00 00 07 00 05   ................
0020  00 00 00                                          ...

0000  1b 00 60 ca 82 a8 00 e0 ff ff 00 00 00 00 09 00   ..`.............
0010  01 03 00 16 00 81 01 08 00 00 00 00 00 05 00 07   ................
0020  00 00 00                                          ...

0000  1b 00 60 da 0c a9 00 e0 ff ff 00 00 00 00 09 00   ..`.............
0010  01 03 00 16 00 81 01 08 00 00 00 00 00 04 00 08   ................
0020  00 00 00                                          ...

0000  1b 00 60 ca 82 a8 00 e0 ff ff 00 00 00 00 09 00   ..`.............
0010  01 03 00 16 00 81 01 08 00 00 00 00 00 04 00 05   ................
0020  00 00 00                                          ...

0000  1b 00 60 da 0c a9 00 e0 ff ff 00 00 00 00 09 00   ..`.............
0010  01 03 00 16 00 81 01 08 00 00 00 00 00 04 00 06   ................
0020  00 00 00                                          ...

0000  1b 00 60 ca 82 a8 00 e0 ff ff 00 00 00 00 09 00   ..`.............
0010  01 03 00 16 00 81 01 08 00 00 00 00 00 02 00 04   ................
0020  00 00 00                                          ...

0000  1b 00 60 da 0c a9 00 e0 ff ff 00 00 00 00 09 00   ..`.............
0010  01 03 00 16 00 81 01 08 00 00 00 00 00 01 00 04   ................
0020  00 00 00                                          ...

0000  1b 00 60 ca 82 a8 00 e0 ff ff 00 00 00 00 09 00   ..`.............
0010  01 03 00 16 00 81 01 08 00 00 00 00 00 01 00 02   ................
0020  00 00 00                                          ...

0000  1b 00 60 da 0c a9 00 e0 ff ff 00 00 00 00 09 00   ..`.............
0010  01 03 00 16 00 81 01 08 00 00 00 00 00 02 00 04   ................
0020  00 00 00                                          ...

0000  1b 00 60 ca 82 a8 00 e0 ff ff 00 00 00 00 09 00   ..`.............
0010  01 03 00 16 00 81 01 08 00 00 00 00 00 01 00 04   ................
0020  00 00 00                                          ...

0000  1b 00 60 da 0c a9 00 e0 ff ff 00 00 00 00 09 00   ..`.............
0010  01 03 00 16 00 81 01 08 00 00 00 00 00 00 00 04   ................
0020  00 00 00                                          ...

0000  1b 00 60 ca 82 a8 00 e0 ff ff 00 00 00 00 09 00   ..`.............
0010  01 03 00 16 00 81 01 08 00 00 00 00 00 00 00 03   ................
0020  00 00 00                                          ...

0000  1b 00 60 da 0c a9 00 e0 ff ff 00 00 00 00 09 00   ..`.............
0010  01 03 00 16 00 81 01 08 00 00 00 00 00 01 00 03   ................
0020  00 00 00                                          ...

0000  1b 00 60 ca 82 a8 00 e0 ff ff 00 00 00 00 09 00   ..`.............
0010  01 03 00 16 00 81 01 08 00 00 00 00 00 00 00 03   ................
0020  00 00 00                                          ...

0000  1b 00 60 da 0c a9 00 e0 ff ff 00 00 00 00 09 00   ..`.............
0010  01 03 00 16 00 81 01 08 00 00 00 00 00 00 00 02   ................
0020  00 00 00                                          ...

0000  1b 00 60 ca 82 a8 00 e0 ff ff 00 00 00 00 09 00   ..`.............
0010  01 03 00 16 00 81 01 08 00 00 00 00 00 00 00 02   ................
0020  00 00 00                                          ...

0000  1b 00 60 da 0c a9 00 e0 ff ff 00 00 00 00 09 00   ..`.............
0010  01 03 00 16 00 81 01 08 00 00 00 00 00 00 00 03   ................
0020  00 00 00                                          ...

0000  1b 00 60 ca 82 a8 00 e0 ff ff 00 00 00 00 09 00   ..`.............
0010  01 03 00 16 00 81 01 08 00 00 00 00 00 00 00 03   ................
0020  00 00 00                                          ...

0000  1b 00 60 da 0c a9 00 e0 ff ff 00 00 00 00 09 00   ..`.............
0010  01 03 00 16 00 81 01 08 00 00 00 00 00 00 00 01   ................
0020  00 00 00                                          ...

0000  1b 00 60 ca 82 a8 00 e0 ff ff 00 00 00 00 09 00   ..`.............
0010  01 03 00 16 00 81 01 08 00 00 00 00 00 00 00 03   ................
0020  00 00 00                                          ...

0000  1b 00 60 da 0c a9 00 e0 ff ff 00 00 00 00 09 00   ..`.............
0010  01 03 00 16 00 81 01 08 00 00 00 00 00 fe ff 03   ................
0020  00 00 00                                          ...

0000  1b 00 60 ca 82 a8 00 e0 ff ff 00 00 00 00 09 00   ..`.............
0010  01 03 00 16 00 81 01 08 00 00 00 00 00 00 00 03   ................
0020  00 00 00                                          ...

0000  1b 00 60 da 0c a9 00 e0 ff ff 00 00 00 00 09 00   ..`.............
0010  01 03 00 16 00 81 01 08 00 00 00 00 00 fe ff 03   ................
0020  00 00 00                                          ...

0000  1b 00 60 ca 82 a8 00 e0 ff ff 00 00 00 00 09 00   ..`.............
0010  01 03 00 16 00 81 01 08 00 00 00 00 00 fd ff 03   ................
0020  00 00 00                                          ...

0000  1b 00 60 da 0c a9 00 e0 ff ff 00 00 00 00 09 00   ..`.............
0010  01 03 00 16 00 81 01 08 00 00 00 00 00 fb ff 05   ................
0020  00 00 00                                          ...

0000  1b 00 60 ca 82 a8 00 e0 ff ff 00 00 00 00 09 00   ..`.............
0010  01 03 00 16 00 81 01 08 00 00 00 00 00 fa ff 04   ................
0020  00 00 00                                          ...

0000  1b 00 60 da 0c a9 00 e0 ff ff 00 00 00 00 09 00   ..`.............
0010  01 03 00 16 00 81 01 08 00 00 00 00 00 fa ff 03   ................
0020  00 00 00                                          ...

0000  1b 00 60 ca 82 a8 00 e0 ff ff 00 00 00 00 09 00   ..`.............
0010  01 03 00 16 00 81 01 08 00 00 00 00 00 fa ff 02   ................
0020  00 00 00                                          ...

0000  1b 00 60 da 0c a9 00 e0 ff ff 00 00 00 00 09 00   ..`.............
0010  01 03 00 16 00 81 01 08 00 00 00 00 00 f9 ff 02   ................
0020  00 00 00                                          ...

0000  1b 00 60 ca 82 a8 00 e0 ff ff 00 00 00 00 09 00   ..`.............
0010  01 03 00 16 00 81 01 08 00 00 00 00 00 f9 ff 01   ................
0020  00 00 00                                          ...

0000  1b 00 60 da 0c a9 00 e0 ff ff 00 00 00 00 09 00   ..`.............
0010  01 03 00 16 00 81 01 08 00 00 00 00 00 f7 ff 01   ................
0020  00 00 00                                          ...

0000  1b 00 60 ca 82 a8 00 e0 ff ff 00 00 00 00 09 00   ..`.............
0010  01 03 00 16 00 81 01 08 00 00 00 00 00 fa ff 02   ................
0020  00 00 00                                          ...

0000  1b 00 60 da 0c a9 00 e0 ff ff 00 00 00 00 09 00   ..`.............
0010  01 03 00 16 00 81 01 08 00 00 00 00 00 f9 ff 00   ................
0020  00 00 00                                          ...

0000  1b 00 60 ca 82 a8 00 e0 ff ff 00 00 00 00 09 00   ..`.............
0010  01 03 00 16 00 81 01 08 00 00 00 00 00 fb ff 00   ................
0020  00 00 00                                          ...

0000  1b 00 60 da 0c a9 00 e0 ff ff 00 00 00 00 09 00   ..`.............
0010  01 03 00 16 00 81 01 08 00 00 00 00 00 fb ff 00   ................
0020  00 00 00                                          ...

0000  1b 00 60 ca 82 a8 00 e0 ff ff 00 00 00 00 09 00   ..`.............
0010  01 03 00 16 00 81 01 08 00 00 00 00 00 fc ff ff   ................
0020  ff 00 00                                          ...

0000  1b 00 60 da 0c a9 00 e0 ff ff 00 00 00 00 09 00   ..`.............
0010  01 03 00 16 00 81 01 08 00 00 00 00 00 fb ff ff   ................
0020  ff 00 00                                          ...

0000  1b 00 60 ca 82 a8 00 e0 ff ff 00 00 00 00 09 00   ..`.............
0010  01 03 00 16 00 81 01 08 00 00 00 00 00 fa ff ff   ................
0020  ff 00 00                                          ...

0000  1b 00 60 da 0c a9 00 e0 ff ff 00 00 00 00 09 00   ..`.............
0010  01 03 00 16 00 81 01 08 00 00 00 00 00 fd ff ff   ................
0020  ff 00 00                                          ...

0000  1b 00 60 ca 82 a8 00 e0 ff ff 00 00 00 00 09 00   ..`.............
0010  01 03 00 16 00 81 01 08 00 00 00 00 00 f6 ff fe   ................
0020  ff 00 00                                          ...

0000  1b 00 60 da 0c a9 00 e0 ff ff 00 00 00 00 09 00   ..`.............
0010  01 03 00 16 00 81 01 08 00 00 00 00 00 f3 ff ff   ................
0020  ff 00 00                                          ...

0000  1b 00 60 ca 82 a8 00 e0 ff ff 00 00 00 00 09 00   ..`.............
0010  01 03 00 16 00 81 01 08 00 00 00 00 00 f5 ff ff   ................
0020  ff 00 00                                          ...

0000  1b 00 60 da 0c a9 00 e0 ff ff 00 00 00 00 09 00   ..`.............
0010  01 03 00 16 00 81 01 08 00 00 00 00 00 f7 ff ff   ................
0020  ff 00 00                                          ...

0000  1b 00 60 ca 82 a8 00 e0 ff ff 00 00 00 00 09 00   ..`.............
0010  01 03 00 16 00 81 01 08 00 00 00 00 00 fb ff fe   ................
0020  ff 00 00                                          ...

0000  1b 00 60 da 0c a9 00 e0 ff ff 00 00 00 00 09 00   ..`.............
0010  01 03 00 16 00 81 01 08 00 00 00 00 00 fc ff ff   ................
0020  ff 00 00                                          ...

0000  1b 00 60 ca 82 a8 00 e0 ff ff 00 00 00 00 09 00   ..`.............
0010  01 03 00 16 00 81 01 08 00 00 00 00 00 fc ff fe   ................
0020  ff 00 00                                          ...

0000  1b 00 60 da 0c a9 00 e0 ff ff 00 00 00 00 09 00   ..`.............
0010  01 03 00 16 00 81 01 08 00 00 00 00 00 fe ff fe   ................
0020  ff 00 00                                          ...

0000  1b 00 60 ca 82 a8 00 e0 ff ff 00 00 00 00 09 00   ..`.............
0010  01 03 00 16 00 81 01 08 00 00 00 00 00 fe ff fe   ................
0020  ff 00 00                                          ...

0000  1b 00 60 da 0c a9 00 e0 ff ff 00 00 00 00 09 00   ..`.............
0010  01 03 00 16 00 81 01 08 00 00 00 00 00 ff ff fe   ................
0020  ff 00 00                                          ...

0000  1b 00 60 ca 82 a8 00 e0 ff ff 00 00 00 00 09 00   ..`.............
0010  01 03 00 16 00 81 01 08 00 00 00 00 00 00 00 fe   ................
0020  ff 00 00                                          ...

0000  1b 00 60 da 0c a9 00 e0 ff ff 00 00 00 00 09 00   ..`.............
0010  01 03 00 16 00 81 01 08 00 00 00 00 00 00 00 ff   ................
0020  ff 00 00                                          ...

0000  1b 00 60 ca 82 a8 00 e0 ff ff 00 00 00 00 09 00   ..`.............
0010  01 03 00 16 00 81 01 08 00 00 00 00 00 ff ff fe   ................
0020  ff 00 00                                          ...

0000  1b 00 60 da 0c a9 00 e0 ff ff 00 00 00 00 09 00   ..`.............
0010  01 03 00 16 00 81 01 08 00 00 00 00 00 00 00 ff   ................
0020  ff 00 00                                          ...

0000  1b 00 60 ca 82 a8 00 e0 ff ff 00 00 00 00 09 00   ..`.............
0010  01 03 00 16 00 81 01 08 00 00 00 00 00 00 00 ff   ................
0020  ff 00 00                                          ...

0000  1b 00 60 da 0c a9 00 e0 ff ff 00 00 00 00 09 00   ..`.............
0010  01 03 00 16 00 81 01 08 00 00 00 00 00 00 00 fe   ................
0020  ff 00 00                                          ...

0000  1b 00 60 ca 82 a8 00 e0 ff ff 00 00 00 00 09 00   ..`.............
0010  01 03 00 16 00 81 01 08 00 00 00 00 00 02 00 fe   ................
0020  ff 00 00                                          ...

0000  1b 00 60 da 0c a9 00 e0 ff ff 00 00 00 00 09 00   ..`.............
0010  01 03 00 16 00 81 01 08 00 00 00 00 00 02 00 fd   ................
0020  ff 00 00                                          ...

0000  1b 00 60 ca 82 a8 00 e0 ff ff 00 00 00 00 09 00   ..`.............
0010  01 03 00 16 00 81 01 08 00 00 00 00 00 03 00 fe   ................
0020  ff 00 00                                          ...

0000  1b 00 60 da 0c a9 00 e0 ff ff 00 00 00 00 09 00   ..`.............
0010  01 03 00 16 00 81 01 08 00 00 00 00 00 05 00 fd   ................
0020  ff 00 00                                          ...

0000  1b 00 60 ca 82 a8 00 e0 ff ff 00 00 00 00 09 00   ..`.............
0010  01 03 00 16 00 81 01 08 00 00 00 00 00 04 00 fb   ................
0020  ff 00 00                                          ...

0000  1b 00 60 da 0c a9 00 e0 ff ff 00 00 00 00 09 00   ..`.............
0010  01 03 00 16 00 81 01 08 00 00 00 00 00 03 00 fe   ................
0020  ff 00 00                                          ...

0000  1b 00 60 ca 82 a8 00 e0 ff ff 00 00 00 00 09 00   ..`.............
0010  01 03 00 16 00 81 01 08 00 00 00 00 00 03 00 fe   ................
0020  ff 00 00                                          ...

0000  1b 00 60 da 0c a9 00 e0 ff ff 00 00 00 00 09 00   ..`.............
0010  01 03 00 16 00 81 01 08 00 00 00 00 00 02 00 fe   ................
0020  ff 00 00                                          ...

0000  1b 00 60 ca 82 a8 00 e0 ff ff 00 00 00 00 09 00   ..`.............
0010  01 03 00 16 00 81 01 08 00 00 00 00 00 01 00 fe   ................
0020  ff 00 00                                          ...

0000  1b 00 60 da 0c a9 00 e0 ff ff 00 00 00 00 09 00   ..`.............
0010  01 03 00 16 00 81 01 08 00 00 00 00 00 01 00 ff   ................
0020  ff 00 00                                          ...

0000  1b 00 60 ca 82 a8 00 e0 ff ff 00 00 00 00 09 00   ..`.............
0010  01 03 00 16 00 81 01 08 00 00 00 00 00 01 00 ff   ................
0020  ff 00 00                                          ...

0000  1b 00 60 da 0c a9 00 e0 ff ff 00 00 00 00 09 00   ..`.............
0010  01 03 00 16 00 81 01 08 00 00 00 00 00 01 00 ff   ................
0020  ff 00 00                                          ...

0000  1b 00 60 ca 82 a8 00 e0 ff ff 00 00 00 00 09 00   ..`.............
0010  01 03 00 16 00 81 01 08 00 00 00 00 00 01 00 fd   ................
0020  ff 00 00                                          ...

0000  1b 00 60 da 0c a9 00 e0 ff ff 00 00 00 00 09 00   ..`.............
0010  01 03 00 16 00 81 01 08 00 00 00 00 00 01 00 ff   ................
0020  ff 00 00                                          ...

0000  1b 00 60 ca 82 a8 00 e0 ff ff 00 00 00 00 09 00   ..`.............
0010  01 03 00 16 00 81 01 08 00 00 00 00 00 01 00 fe   ................
0020  ff 00 00                                          ...

0000  1b 00 60 da 0c a9 00 e0 ff ff 00 00 00 00 09 00   ..`.............
0010  01 03 00 16 00 81 01 08 00 00 00 00 00 00 00 ff   ................
0020  ff 00 00                                          ...

0000  1b 00 60 ca 82 a8 00 e0 ff ff 00 00 00 00 09 00   ..`.............
0010  01 03 00 16 00 81 01 08 00 00 00 00 00 00 00 ff   ................
0020  ff 00 00                                          ...

0000  1b 00 60 da 0c a9 00 e0 ff ff 00 00 00 00 09 00   ..`.............
0010  01 03 00 16 00 81 01 08 00 00 00 00 00 00 00 ff   ................
0020  ff 00 00                                          ...

0000  1b 00 60 ca 82 a8 00 e0 ff ff 00 00 00 00 09 00   ..`.............
0010  01 03 00 16 00 81 01 08 00 00 00 00 00 01 00 00   ................
0020  00 00 00                                          ...
